3.000        -55.4767683
3.500        -43.9984029
3.700        -39.1328833
3.900        -34.3873708
4.000        -32.0994602
4.100        -29.8847616
4.200        -27.7468197
4.300        -25.6826168
4.400        -23.6876520
4.500        -21.7597283
4.600        -19.9029067
4.700        -18.1256719
4.800        -16.4382036
4.900        -14.8498548
5.000        -13.3666861
5.100        -11.9918224
5.200        -10.7268037
5.300         -9.5711017
5.400         -8.5232643
5.500         -7.5799835
5.600         -6.7362668
5.700         -5.9859662
5.800         -5.3215199
5.900         -4.7350567
6.000         -4.2184011
6.500         -2.4272881
7.000         -1.4627833
8.000         -0.6004545
10.000         -0.1428287
