3.000        -47.5130771
3.500        -27.3521038
3.700        -21.1243294
3.900        -16.2655553
4.000        -14.2867586
4.100        -12.5652767
4.200        -11.0692798
4.300         -9.7693147
4.400         -8.6390506
4.500         -7.6549842
4.600         -6.7969912
4.700         -6.0476034
4.800         -5.3918234
4.900         -4.8168100
5.000         -4.3115832
5.100         -3.8667570
5.200         -3.4743413
5.300         -3.1273866
5.400         -2.8200441
5.500         -2.5472561
5.600         -2.3046729
5.700         -2.0885460
5.800         -1.8956367
5.900         -1.7231488
6.000         -1.5686670
6.500         -1.0010394
7.000         -0.6587461
8.000         -0.3080952
10.000         -0.0851974
