0.000  0.000     -728.5013492
0.000  0.175     -728.5008907
0.000  0.349     -728.4991001
0.000  0.524     -728.4970346
0.000  0.698     -728.4946849
0.000  0.873     -728.4926369
0.000  1.047     -728.4907298
0.000  1.222     -728.4889948
0.000  1.396     -728.4876692
0.000  1.571     -728.4866444
0.000  1.745     -728.4865037
0.000  1.920     -728.4880554
0.000  2.094     -728.4902918
0.000  2.269     -728.4925823
0.000  2.443     -728.4946108
0.000  2.618     -728.4963431
0.000  2.793     -728.4976088
0.000  2.967     -728.4984462
0.000  3.142     -728.4987404
0.000  3.316     -728.4983833
0.000  3.491     -728.4974486
0.000  3.665     -728.4959753
0.000  3.840     -728.4941274
0.000  4.014     -728.4921026
0.000  4.189     -728.4900666
0.000  4.363     -728.4883506
0.000  4.538     -728.4870143
0.000  4.712     -728.4861629
0.000  4.887     -728.4862385
0.000  5.061     -728.4869290
0.000  5.236     -728.4888284
0.000  5.411     -728.4908081
0.000  5.585     -728.4936539
0.000  5.760     -728.4963827
0.000  5.934     -728.4988639
0.000  6.109     -728.5006255
0.175  0.000     -728.5014021
0.175  0.175     -728.5005856
0.175  0.349     -728.4986286
0.175  0.524     -728.4962459
0.175  0.698     -728.4941617
0.175  0.873     -728.4923789
0.175  1.047     -728.4907169
0.175  1.222     -728.4893732
0.175  1.396     -728.4883583
0.175  1.571     -728.4877326
0.175  1.745     -728.4880535
0.175  1.920     -728.4895528
0.175  2.094     -728.4916314
0.175  2.269     -728.4936659
0.175  2.443     -728.4954273
0.175  2.618     -728.4969338
0.175  2.793     -728.4980403
0.175  2.967     -728.4986946
0.175  3.142     -728.4987583
0.175  3.316     -728.4983427
0.175  3.491     -728.4973884
0.175  3.665     -728.4958098
0.175  3.840     -728.4939900
0.175  4.014     -728.4921157
0.175  4.189     -728.4902907
0.175  4.363     -728.4888479
0.175  4.538     -728.4879463
0.175  4.712     -728.4875137
0.175  4.887     -728.4874916
0.175  5.061     -728.4885796
0.175  5.236     -728.4899773
0.175  5.411     -728.4920618
0.175  5.585     -728.4943907
0.175  5.760     -728.4969358
0.175  5.934     -728.4992312
0.175  6.109     -728.5008982
0.349  0.000     -728.5010730
0.349  0.175     -728.5000349
0.349  0.349     -728.4980754
0.349  0.524     -728.4958528
0.349  0.698     -728.4940138
0.349  0.873     -728.4924802
0.349  1.047     -728.4911771
0.349  1.222     -728.4901861
0.349  1.396     -728.4894425
0.349  1.571     -728.4891534
0.349  1.745     -728.4897601
0.349  1.920     -728.4911475
0.349  2.094     -728.4929350
0.349  2.269     -728.4946785
0.349  2.443     -728.4963289
0.349  2.618     -728.4977253
0.349  2.793     -728.4985781
0.349  2.967     -728.4988450
0.349  3.142     -728.4986881
0.349  3.316     -728.4980616
0.349  3.491     -728.4968862
0.349  3.665     -728.4955315
0.349  3.840     -728.4938577
0.349  4.014     -728.4923016
0.349  4.189     -728.4910252
0.349  4.363     -728.4900693
0.349  4.538     -728.4893764
0.349  4.712     -728.4890918
0.349  4.887     -728.4891856
0.349  5.061     -728.4899162
0.349  5.236     -728.4912784
0.349  5.411     -728.4929892
0.349  5.585     -728.4952161
0.349  5.760     -728.4975031
0.349  5.934     -728.4995092
0.349  6.109     -728.5008426
0.524  0.000     -728.5006546
0.524  0.175     -728.4995655
0.524  0.349     -728.4977563
0.524  0.524     -728.4957789
0.524  0.698     -728.4941404
0.524  0.873     -728.4927889
0.524  1.047     -728.4918564
0.524  1.222     -728.4912503
0.524  1.396     -728.4908558
0.524  1.571     -728.4909274
0.524  1.745     -728.4914997
0.524  1.920     -728.4927738
0.524  2.094     -728.4943763
0.524  2.269     -728.4959459
0.524  2.443     -728.4973303
0.524  2.618     -728.4983492
0.524  2.793     -728.4987986
0.524  2.967     -728.4988258
0.524  3.142     -728.4985081
0.524  3.316     -728.4978841
0.524  3.491     -728.4968976
0.524  3.665     -728.4954036
0.524  3.840     -728.4939373
0.524  4.014     -728.4927270
0.524  4.189     -728.4918438
0.524  4.363     -728.4910934
0.524  4.538     -728.4906877
0.524  4.712     -728.4905604
0.524  4.887     -728.4908636
0.524  5.061     -728.4915459
0.524  5.236     -728.4925822
0.524  5.411     -728.4941723
0.524  5.585     -728.4960256
0.524  5.760     -728.4979094
0.524  5.934     -728.4995746
0.524  6.109     -728.5005788
0.698  0.000     -728.5002886
0.698  0.175     -728.4992372
0.698  0.349     -728.4975723
0.698  0.524     -728.4957424
0.698  0.698     -728.4942615
0.698  0.873     -728.4933592
0.698  1.047     -728.4928652
0.698  1.222     -728.4925892
0.698  1.396     -728.4925548
0.698  1.571     -728.4928759
0.698  1.745     -728.4935149
0.698  1.920     -728.4946939
0.698  2.094     -728.4960100
0.698  2.269     -728.4972675
0.698  2.443     -728.4983504
0.698  2.618     -728.4989360
0.698  2.793     -728.4990824
0.698  2.967     -728.4989325
0.698  3.142     -728.4982866
0.698  3.316     -728.4976505
0.698  3.491     -728.4965817
0.698  3.665     -728.4953822
0.698  3.840     -728.4941787
0.698  4.014     -728.4933431
0.698  4.189     -728.4927772
0.698  4.363     -728.4925487
0.698  4.538     -728.4923635
0.698  4.712     -728.4923528
0.698  4.887     -728.4926142
0.698  5.061     -728.4930932
0.698  5.236     -728.4941374
0.698  5.411     -728.4953963
0.698  5.585     -728.4967953
0.698  5.760     -728.4982842
0.698  5.934     -728.4995906
0.698  6.109     -728.5003800
0.873  0.000     -728.4998143
0.873  0.175     -728.4988149
0.873  0.349     -728.4973116
0.873  0.524     -728.4958044
0.873  0.698     -728.4948172
0.873  0.873     -728.4943677
0.873  1.047     -728.4942897
0.873  1.222     -728.4941805
0.873  1.396     -728.4943785
0.873  1.571     -728.4949535
0.873  1.745     -728.4957339
0.873  1.920     -728.4967477
0.873  2.094     -728.4976687
0.873  2.269     -728.4985353
0.873  2.443     -728.4991669
0.873  2.618     -728.4992524
0.873  2.793     -728.4991664
0.873  2.967     -728.4987636
0.873  3.142     -728.4981255
0.873  3.316     -728.4972890
0.873  3.491     -728.4963137
0.873  3.665     -728.4953020
0.873  3.840     -728.4946258
0.873  4.014     -728.4942636
0.873  4.189     -728.4941508
0.873  4.363     -728.4940482
0.873  4.538     -728.4940403
0.873  4.712     -728.4941702
0.873  4.887     -728.4944684
0.873  5.061     -728.4949085
0.873  5.236     -728.4955506
0.873  5.411     -728.4963296
0.873  5.585     -728.4973623
0.873  5.760     -728.4984972
0.873  5.934     -728.4994573
0.873  6.109     -728.5000156
1.047  0.000     -728.4988667
1.047  0.175     -728.4981991
1.047  0.349     -728.4973126
1.047  0.524     -728.4964361
1.047  0.698     -728.4959193
1.047  0.873     -728.4959310
1.047  1.047     -728.4959543
1.047  1.222     -728.4960807
1.047  1.396     -728.4965383
1.047  1.571     -728.4972998
1.047  1.745     -728.4979293
1.047  1.920     -728.4985374
1.047  2.094     -728.4990992
1.047  2.269     -728.4995512
1.047  2.443     -728.4995966
1.047  2.618     -728.4993636
1.047  2.793     -728.4989351
1.047  2.967     -728.4982337
1.047  3.142     -728.4975252
1.047  3.316     -728.4967224
1.047  3.491     -728.4961462
1.047  3.665     -728.4956482
1.047  3.840     -728.4956029
1.047  4.014     -728.4956452
1.047  4.189     -728.4957899
1.047  4.363     -728.4959217
1.047  4.538     -728.4960377
1.047  4.712     -728.4961436
1.047  4.887     -728.4962269
1.047  5.061     -728.4963912
1.047  5.236     -728.4966668
1.047  5.411     -728.4970220
1.047  5.585     -728.4976487
1.047  5.760     -728.4982916
1.047  5.934     -728.4988741
1.047  6.109     -728.4991033
1.222  0.000     -728.4976409
1.222  0.175     -728.4975684
1.222  0.349     -728.4975302
1.222  0.524     -728.4973799
1.222  0.698     -728.4974936
1.222  0.873     -728.4977680
1.222  1.047     -728.4979697
1.222  1.222     -728.4983480
1.222  1.396     -728.4989534
1.222  1.571     -728.4994527
1.222  1.745     -728.4998185
1.222  1.920     -728.5000077
1.222  2.094     -728.5001184
1.222  2.269     -728.5000101
1.222  2.443     -728.4995972
1.222  2.618     -728.4988556
1.222  2.793     -728.4978958
1.222  2.967     -728.4969810
1.222  3.142     -728.4965064
1.222  3.316     -728.4959287
1.222  3.491     -728.4957255
1.222  3.665     -728.4958619
1.222  3.840     -728.4964774
1.222  4.014     -728.4970482
1.222  4.189     -728.4975028
1.222  4.363     -728.4978055
1.222  4.538     -728.4979213
1.222  4.712     -728.4979696
1.222  4.887     -728.4978581
1.222  5.061     -728.4976530
1.222  5.236     -728.4974691
1.222  5.411     -728.4973829
1.222  5.585     -728.4974748
1.222  5.760     -728.4975746
1.222  5.934     -728.4977335
1.222  6.109     -728.4977373
1.396  0.000     -728.4960721
1.396  0.175     -728.4968478
1.396  0.349     -728.4976563
1.396  0.524     -728.4983589
1.396  0.698     -728.4990167
1.396  0.873     -728.4994139
1.396  1.047     -728.4997536
1.396  1.222     -728.5002457
1.396  1.396     -728.5007852
1.396  1.571     -728.5009330
1.396  1.745     -728.5010617
1.396  1.920     -728.5007216
1.396  2.094     -728.5003662
1.396  2.269     -728.4997264
1.396  2.443     -728.4986623
1.396  2.618     -728.4974225
1.396  2.793     -728.4960588
1.396  2.967     -728.4951528
1.396  3.142     -728.4947515
1.396  3.316     -728.4951422
1.396  3.491     -728.4955414
1.396  3.665     -728.4963819
1.396  3.840     -728.4974528
1.396  4.014     -728.4984204
1.396  4.189     -728.4990802
1.396  4.363     -728.4994448
1.396  4.538     -728.4994830
1.396  4.712     -728.4992861
1.396  4.887     -728.4989120
1.396  5.061     -728.4983406
1.396  5.236     -728.4976246
1.396  5.411     -728.4970028
1.396  5.585     -728.4964592
1.396  5.760     -728.4960304
1.396  5.934     -728.4957621
1.396  6.109     -728.4956623
1.571  0.000     -728.4944222
1.571  0.175     -728.4961779
1.571  0.349     -728.4978081
1.571  0.524     -728.4990158
1.571  0.698     -728.4999364
1.571  0.873     -728.5003619
1.571  1.047     -728.5007415
1.571  1.222     -728.5011615
1.571  1.396     -728.5014239
1.571  1.571     -728.5012892
1.571  1.745     -728.5011377
1.571  1.920     -728.5005465
1.571  2.094     -728.4995818
1.571  2.269     -728.4984291
1.571  2.443     -728.4968483
1.571  2.618     -728.4950147
1.571  2.793     -728.4934007
1.571  2.967     -728.4930841
1.571  3.142     -728.4932259
1.571  3.316     -728.4943048
1.571  3.491     -728.4952781
1.571  3.665     -728.4966660
1.571  3.840     -728.4980667
1.571  4.014     -728.4992317
1.571  4.189     -728.4999167
1.571  4.363     -728.5002000
1.571  4.538     -728.5001066
1.571  4.712     -728.4996374
1.571  4.887     -728.4989881
1.571  5.061     -728.4981054
1.571  5.236     -728.4969306
1.571  5.411     -728.4957602
1.571  5.585     -728.4945914
1.571  5.760     -728.4936686
1.571  5.934     -728.4930763
1.571  6.109     -728.4932096
1.745  0.000     -728.4934178
1.745  0.175     -728.4958820
1.745  0.349     -728.4979033
1.745  0.524     -728.4992070
1.745  0.698     -728.5000514
1.745  0.873     -728.5003499
1.745  1.047     -728.5005446
1.745  1.222     -728.5007702
1.745  1.396     -728.5007645
1.745  1.571     -728.5004641
1.745  1.745     -728.5000275
1.745  1.920     -728.4992072
1.745  2.094     -728.4979629
1.745  2.269     -728.4962571
1.745  2.443     -728.4940748
1.745  2.618     -728.4917447
1.745  2.793     -728.4904007
1.745  2.967     -728.4912929
1.745  3.142     -728.4925418
1.745  3.316     -728.4936273
1.745  3.491     -728.4950805
1.745  3.665     -728.4965747
1.745  3.840     -728.4980252
1.745  4.014     -728.4991285
1.745  4.189     -728.4996685
1.745  4.363     -728.4997673
1.745  4.538     -728.4994769
1.745  4.712     -728.4987879
1.745  4.887     -728.4979004
1.745  5.061     -728.4967455
1.745  5.236     -728.4952489
1.745  5.411     -728.4936382
1.745  5.585     -728.4919803
1.745  5.760     -728.4906196
1.745  5.934     -728.4898924
1.745  6.109     -728.4909075
1.920  0.000     -728.4933963
1.920  0.175     -728.4960100
1.920  0.349     -728.4978699
1.920  0.524     -728.4989036
1.920  0.698     -728.4994009
1.920  0.873     -728.4994615
1.920  1.047     -728.4994295
1.920  1.222     -728.4993234
1.920  1.396     -728.4989948
1.920  1.571     -728.4986016
1.920  1.745     -728.4979662
1.920  1.920     -728.4968012
1.920  2.094     -728.4954177
1.920  2.269     -728.4933914
1.920  2.443     -728.4907409
1.920  2.618     -728.4879944
1.920  2.793     -728.4884411
1.920  2.967     -728.4901588
1.920  3.142     -728.4918705
1.920  3.316     -728.4934142
1.920  3.491     -728.4950371
1.920  3.665     -728.4963523
1.920  3.840     -728.4975216
1.920  4.014     -728.4982929
1.920  4.189     -728.4985397
1.920  4.363     -728.4983691
1.920  4.538     -728.4978254
1.920  4.712     -728.4969467
1.920  4.887     -728.4958225
1.920  5.061     -728.4944327
1.920  5.236     -728.4926799
1.920  5.411     -728.4907139
1.920  5.585     -728.4887221
1.920  5.760     -728.4871438
1.920  5.934     -728.4871050
1.920  6.109     -728.4902236
2.094  0.000     -728.4940150
2.094  0.175     -728.4962598
2.094  0.349     -728.4976672
2.094  0.524     -728.4982614
2.094  0.698     -728.4983748
2.094  0.873     -728.4981054
2.094  1.047     -728.4976915
2.094  1.222     -728.4972343
2.094  1.396     -728.4966249
2.094  1.571     -728.4960832
2.094  1.745     -728.4952938
2.094  1.920     -728.4938614
2.094  2.094     -728.4921454
2.094  2.269     -728.4899907
2.094  2.443     -728.4871804
2.094  2.618     -728.4859424
2.094  2.793     -728.4881153
2.094  2.967     -728.4901945
2.094  3.142     -728.4919543
2.094  3.316     -728.4935099
2.094  3.491     -728.4950098
2.094  3.665     -728.4960209
2.094  3.840     -728.4966634
2.094  4.014     -728.4969310
2.094  4.189     -728.4967650
2.094  4.363     -728.4962654
2.094  4.538     -728.4954683
2.094  4.712     -728.4944258
2.094  4.887     -728.4931192
2.094  5.061     -728.4915097
2.094  5.236     -728.4895493
2.094  5.411     -728.4874009
2.094  5.585     -728.4852542
2.094  5.760     -728.4841327
2.094  5.934     -728.4876076
2.094  6.109     -728.4910598
2.269  0.000     -728.4949059
2.269  0.175     -728.4966351
2.269  0.349     -728.4975059
2.269  0.524     -728.4975717
2.269  0.698     -728.4972161
2.269  0.873     -728.4965836
2.269  1.047     -728.4957508
2.269  1.222     -728.4948998
2.269  1.396     -728.4940789
2.269  1.571     -728.4932379
2.269  1.745     -728.4920973
2.269  1.920     -728.4907274
2.269  2.094     -728.4887303
2.269  2.269     -728.4863852
2.269  2.443     -728.4845883
2.269  2.618     -728.4867746
2.269  2.793     -728.4890773
2.269  2.967     -728.4908072
2.269  3.142     -728.4926427
2.269  3.316     -728.4937830
2.269  3.491     -728.4948234
2.269  3.665     -728.4955038
2.269  3.840     -728.4955475
2.269  4.014     -728.4952476
2.269  4.189     -728.4946684
2.269  4.363     -728.4938360
2.269  4.538     -728.4927825
2.269  4.712     -728.4915751
2.269  4.887     -728.4901381
2.269  5.061     -728.4883752
2.269  5.236     -728.4862744
2.269  5.411     -728.4840419
2.269  5.585     -728.4824237
2.269  5.760     -728.4858026
2.269  5.934     -728.4892549
2.269  6.109     -728.4924239
2.443  0.000     -728.4960343
2.443  0.175     -728.4971336
2.443  0.349     -728.4973777
2.443  0.524     -728.4969215
2.443  0.698     -728.4961618
2.443  0.873     -728.4951491
2.443  1.047     -728.4938674
2.443  1.222     -728.4926938
2.443  1.396     -728.4917756
2.443  1.571     -728.4904417
2.443  1.745     -728.4892838
2.443  1.920     -728.4876891
2.443  2.094     -728.4855469
2.443  2.269     -728.4838851
2.443  2.443     -728.4861641
2.443  2.618     -728.4883626
2.443  2.793     -728.4903418
2.443  2.967     -728.4920173
2.443  3.142     -728.4935498
2.443  3.316     -728.4943892
2.443  3.491     -728.4948238
2.443  3.665     -728.4948671
2.443  3.840     -728.4944281
2.443  4.014     -728.4936032
2.443  4.189     -728.4925255
2.443  4.363     -728.4913518
2.443  4.538     -728.4900778
2.443  4.712     -728.4886841
2.443  4.887     -728.4870839
2.443  5.061     -728.4851566
2.443  5.236     -728.4829787
2.443  5.411     -728.4813111
2.443  5.585     -728.4845883
2.443  5.760     -728.4879461
2.443  5.934     -728.4912258
2.443  6.109     -728.4940397
2.618  0.000     -728.4971640
2.618  0.175     -728.4977030
2.618  0.349     -728.4974359
2.618  0.524     -728.4965438
2.618  0.698     -728.4953713
2.618  0.873     -728.4938627
2.618  1.047     -728.4923132
2.618  1.222     -728.4909998
2.618  1.396     -728.4896088
2.618  1.571     -728.4885143
2.618  1.745     -728.4870792
2.618  1.920     -728.4850120
2.618  2.094     -728.4834945
2.618  2.269     -728.4857345
2.618  2.443     -728.4879338
2.618  2.618     -728.4900103
2.618  2.793     -728.4917633
2.618  2.967     -728.4932833
2.618  3.142     -728.4944563
2.618  3.316     -728.4949685
2.618  3.491     -728.4949366
2.618  3.665     -728.4944701
2.618  3.840     -728.4934416
2.618  4.014     -728.4921520
2.618  4.189     -728.4906987
2.618  4.363     -728.4891336
2.618  4.538     -728.4876048
2.618  4.712     -728.4860143
2.618  4.887     -728.4842601
2.618  5.061     -728.4822668
2.618  5.236     -728.4806192
2.618  5.411     -728.4835193
2.618  5.585     -728.4868192
2.618  5.760     -728.4900774
2.618  5.934     -728.4931519
2.618  6.109     -728.4956199
2.793  0.000     -728.4982761
2.793  0.175     -728.4983783
2.793  0.349     -728.4975702
2.793  0.524     -728.4962354
2.793  0.698     -728.4946819
2.793  0.873     -728.4928336
2.793  1.047     -728.4913463
2.793  1.222     -728.4896114
2.793  1.396     -728.4883255
2.793  1.571     -728.4866383
2.793  1.745     -728.4852032
2.793  1.920     -728.4832946
2.793  2.094     -728.4854563
2.793  2.269     -728.4876350
2.793  2.443     -728.4897322
2.793  2.618     -728.4917030
2.793  2.793     -728.4932998
2.793  2.967     -728.4945627
2.793  3.142     -728.4953651
2.793  3.316     -728.4955019
2.793  3.491     -728.4950328
2.793  3.665     -728.4941133
2.793  3.840     -728.4927269
2.793  4.014     -728.4909627
2.793  4.189     -728.4891961
2.793  4.363     -728.4873029
2.793  4.538     -728.4855264
2.793  4.712     -728.4837019
2.793  4.887     -728.4818934
2.793  5.061     -728.4804438
2.793  5.236     -728.4827273
2.793  5.411     -728.4856715
2.793  5.585     -728.4888737
2.793  5.760     -728.4919807
2.793  5.934     -728.4948468
2.793  6.109     -728.4970548
2.967  0.000     -728.4991057
2.967  0.175     -728.4988938
2.967  0.349     -728.4977267
2.967  0.524     -728.4960462
2.967  0.698     -728.4942794
2.967  0.873     -728.4923869
2.967  1.047     -728.4905634
2.967  1.222     -728.4890801
2.967  1.396     -728.4873044
2.967  1.571     -728.4860513
2.967  1.745     -728.4843435
2.967  1.920     -728.4851877
2.967  2.094     -728.4873916
2.967  2.269     -728.4894487
2.967  2.443     -728.4914212
2.967  2.618     -728.4932393
2.967  2.793     -728.4946127
2.967  2.967     -728.4957142
2.967  3.142     -728.4962377
2.967  3.316     -728.4960626
2.967  3.491     -728.4952275
2.967  3.665     -728.4938919
2.967  3.840     -728.4921412
2.967  4.014     -728.4901152
2.967  4.189     -728.4881295
2.967  4.363     -728.4860698
2.967  4.538     -728.4841723
2.967  4.712     -728.4823467
2.967  4.887     -728.4812711
2.967  5.061     -728.4822733
2.967  5.236     -728.4847084
2.967  5.411     -728.4875504
2.967  5.585     -728.4905920
2.967  5.760     -728.4935393
2.967  5.934     -728.4961874
2.967  6.109     -728.4981536
3.142  0.000     -728.4997028
3.142  0.175     -728.4992237
3.142  0.349     -728.4978119
3.142  0.524     -728.4959466
3.142  0.698     -728.4939721
3.142  0.873     -728.4921589
3.142  1.047     -728.4903359
3.142  1.222     -728.4889230
3.142  1.396     -728.4874103
3.142  1.571     -728.4860953
3.142  1.745     -728.4853992
3.142  1.920     -728.4870772
3.142  2.094     -728.4892515
3.142  2.269     -728.4912524
3.142  2.443     -728.4930224
3.142  2.618     -728.4945812
3.142  2.793     -728.4957419
3.142  2.967     -728.4967141
3.142  3.142     -728.4968683
3.142  3.316     -728.4963748
3.142  3.491     -728.4953828
3.142  3.665     -728.4938539
3.142  3.840     -728.4918713
3.142  4.014     -728.4896752
3.142  4.189     -728.4876310
3.142  4.363     -728.4858009
3.142  4.538     -728.4840415
3.142  4.712     -728.4829136
3.142  4.887     -728.4824921
3.142  5.061     -728.4840784
3.142  5.236     -728.4864293
3.142  5.411     -728.4891106
3.142  5.585     -728.4919918
3.142  5.760     -728.4947973
3.142  5.934     -728.4972495
3.142  6.109     -728.4989936
3.316  0.000     -728.5001300
3.316  0.175     -728.4993846
3.316  0.349     -728.4977467
3.316  0.524     -728.4958332
3.316  0.698     -728.4938546
3.316  0.873     -728.4922273
3.316  1.047     -728.4904933
3.316  1.222     -728.4892913
3.316  1.396     -728.4878981
3.316  1.571     -728.4870497
3.316  1.745     -728.4871646
3.316  1.920     -728.4889677
3.316  2.094     -728.4909921
3.316  2.269     -728.4928912
3.316  2.443     -728.4945346
3.316  2.618     -728.4957998
3.316  2.793     -728.4967478
3.316  2.967     -728.4974230
3.316  3.142     -728.4972387
3.316  3.316     -728.4965766
3.316  3.491     -728.4954653
3.316  3.665     -728.4938411
3.316  3.840     -728.4918168
3.316  4.014     -728.4896812
3.316  4.189     -728.4878460
3.316  4.363     -728.4862721
3.316  4.538     -728.4850493
3.316  4.712     -728.4841333
3.316  4.887     -728.4844662
3.316  5.061     -728.4858891
3.316  5.236     -728.4879849
3.316  5.411     -728.4904627
3.316  5.585     -728.4931458
3.316  5.760     -728.4957889
3.316  5.934     -728.4980801
3.316  6.109     -728.4996372
3.491  0.000     -728.5001753
3.491  0.175     -728.4992951
3.491  0.349     -728.4975998
3.491  0.524     -728.4957244
3.491  0.698     -728.4938835
3.491  0.873     -728.4924499
3.491  1.047     -728.4910067
3.491  1.222     -728.4900292
3.491  1.396     -728.4888910
3.491  1.571     -728.4884939
3.491  1.745     -728.4891232
3.491  1.920     -728.4907846
3.491  2.094     -728.4925967
3.491  2.269     -728.4943452
3.491  2.443     -728.4958636
3.491  2.618     -728.4969212
3.491  2.793     -728.4973924
3.491  2.967     -728.4976805
3.491  3.142     -728.4974194
3.491  3.316     -728.4965231
3.491  3.491     -728.4952996
3.491  3.665     -728.4936853
3.491  3.840     -728.4918055
3.491  4.014     -728.4899672
3.491  4.189     -728.4884691
3.491  4.363     -728.4871936
3.491  4.538     -728.4863416
3.491  4.712     -728.4859540
3.491  4.887     -728.4863618
3.491  5.061     -728.4876385
3.491  5.236     -728.4894838
3.491  5.411     -728.4917016
3.491  5.585     -728.4941711
3.491  5.760     -728.4965421
3.491  5.934     -728.4985678
3.491  6.109     -728.4998713
3.665  0.000     -728.4998281
3.665  0.175     -728.4988950
3.665  0.349     -728.4972979
3.665  0.524     -728.4956146
3.665  0.698     -728.4940036
3.665  0.873     -728.4927341
3.665  1.047     -728.4918271
3.665  1.222     -728.4910410
3.665  1.396     -728.4903954
3.665  1.571     -728.4902914
3.665  1.745     -728.4910894
3.665  1.920     -728.4924503
3.665  2.094     -728.4940096
3.665  2.269     -728.4954799
3.665  2.443     -728.4966858
3.665  2.618     -728.4975247
3.665  2.793     -728.4977384
3.665  2.967     -728.4974973
3.665  3.142     -728.4969707
3.665  3.316     -728.4960449
3.665  3.491     -728.4948093
3.665  3.665     -728.4932933
3.665  3.840     -728.4917294
3.665  4.014     -728.4904233
3.665  4.189     -728.4893440
3.665  4.363     -728.4885446
3.665  4.538     -728.4879715
3.665  4.712     -728.4878276
3.665  4.887     -728.4884061
3.665  5.061     -728.4895012
3.665  5.236     -728.4910165
3.665  5.411     -728.4928270
3.665  5.585     -728.4949487
3.665  5.760     -728.4969934
3.665  5.934     -728.4986831
3.665  6.109     -728.4997125
3.840  0.000     -728.4991009
3.840  0.175     -728.4982238
3.840  0.349     -728.4968632
3.840  0.524     -728.4955104
3.840  0.698     -728.4941753
3.840  0.873     -728.4933784
3.840  1.047     -728.4927677
3.840  1.222     -728.4923792
3.840  1.396     -728.4922847
3.840  1.571     -728.4923701
3.840  1.745     -728.4930451
3.840  1.920     -728.4940784
3.840  2.094     -728.4952764
3.840  2.269     -728.4964006
3.840  2.443     -728.4971659
3.840  2.618     -728.4975038
3.840  2.793     -728.4974312
3.840  2.967     -728.4968697
3.840  3.142     -728.4960696
3.840  3.316     -728.4952473
3.840  3.491     -728.4940950
3.840  3.665     -728.4929016
3.840  3.840     -728.4918687
3.840  4.014     -728.4911323
3.840  4.189     -728.4904825
3.840  4.363     -728.4900988
3.840  4.538     -728.4898656
3.840  4.712     -728.4899092
3.840  4.887     -728.4903857
3.840  5.061     -728.4912268
3.840  5.236     -728.4924122
3.840  5.411     -728.4938382
3.840  5.585     -728.4954627
3.840  5.760     -728.4970757
3.840  5.934     -728.4983520
3.840  6.109     -728.4990926
4.014  0.000     -728.4979028
4.014  0.175     -728.4972700
4.014  0.349     -728.4963393
4.014  0.524     -728.4955186
4.014  0.698     -728.4946040
4.014  0.873     -728.4942829
4.014  1.047     -728.4940626
4.014  1.222     -728.4939914
4.014  1.396     -728.4942071
4.014  1.571     -728.4943825
4.014  1.745     -728.4949229
4.014  1.920     -728.4956951
4.014  2.094     -728.4964712
4.014  2.269     -728.4970834
4.014  2.443     -728.4973857
4.014  2.618     -728.4972712
4.014  2.793     -728.4967328
4.014  2.967     -728.4959040
4.014  3.142     -728.4949535
4.014  3.316     -728.4940239
4.014  3.491     -728.4931588
4.014  3.665     -728.4924303
4.014  3.840     -728.4920576
4.014  4.014     -728.4919464
4.014  4.189     -728.4918996
4.014  4.363     -728.4920184
4.014  4.538     -728.4920212
4.014  4.712     -728.4920893
4.014  4.887     -728.4923707
4.014  5.061     -728.4929412
4.014  5.236     -728.4936372
4.014  5.411     -728.4945912
4.014  5.585     -728.4956710
4.014  5.760     -728.4967034
4.014  5.934     -728.4974820
4.014  6.109     -728.4979130
4.189  0.000     -728.4965265
4.189  0.175     -728.4962451
4.189  0.349     -728.4957796
4.189  0.524     -728.4956743
4.189  0.698     -728.4953747
4.189  0.873     -728.4955287
4.189  1.047     -728.4955764
4.189  1.222     -728.4956534
4.189  1.396     -728.4960125
4.189  1.571     -728.4961992
4.189  1.745     -728.4966753
4.189  1.920     -728.4969688
4.189  2.094     -728.4972103
4.189  2.269     -728.4972594
4.189  2.443     -728.4970168
4.189  2.618     -728.4963034
4.189  2.793     -728.4952684
4.189  2.967     -728.4941049
4.189  3.142     -728.4931226
4.189  3.316     -728.4924991
4.189  3.491     -728.4921558
4.189  3.665     -728.4921432
4.189  3.840     -728.4925386
4.189  4.014     -728.4930568
4.189  4.189     -728.4934875
4.189  4.363     -728.4938902
4.189  4.538     -728.4940135
4.189  4.712     -728.4940205
4.189  4.887     -728.4940531
4.189  5.061     -728.4942443
4.189  5.236     -728.4945702
4.189  5.411     -728.4949263
4.189  5.585     -728.4955286
4.189  5.760     -728.4959771
4.189  5.934     -728.4962544
4.189  6.109     -728.4964537
4.363  0.000     -728.4951829
4.363  0.175     -728.4955282
4.363  0.349     -728.4957809
4.363  0.524     -728.4962264
4.363  0.698     -728.4964676
4.363  0.873     -728.4966869
4.363  1.047     -728.4970684
4.363  1.222     -728.4970353
4.363  1.396     -728.4975159
4.363  1.571     -728.4976175
4.363  1.745     -728.4979352
4.363  1.920     -728.4977876
4.363  2.094     -728.4975523
4.363  2.269     -728.4971041
4.363  2.443     -728.4962449
4.363  2.618     -728.4949600
4.363  2.793     -728.4935826
4.363  2.967     -728.4925157
4.363  3.142     -728.4916784
4.363  3.316     -728.4913381
4.363  3.491     -728.4915506
4.363  3.665     -728.4922766
4.363  3.840     -728.4933627
4.363  4.014     -728.4943075
4.363  4.189     -728.4950158
4.363  4.363     -728.4954728
4.363  4.538     -728.4955845
4.363  4.712     -728.4954833
4.363  4.887     -728.4953189
4.363  5.061     -728.4950838
4.363  5.236     -728.4949424
4.363  5.411     -728.4947731
4.363  5.585     -728.4947408
4.363  5.760     -728.4948819
4.363  5.934     -728.4948892
4.363  6.109     -728.4949350
4.538  0.000     -728.4943238
4.538  0.175     -728.4951558
4.538  0.349     -728.4960516
4.538  0.524     -728.4968415
4.538  0.698     -728.4974064
4.538  0.873     -728.4977650
4.538  1.047     -728.4979579
4.538  1.222     -728.4982269
4.538  1.396     -728.4983856
4.538  1.571     -728.4984675
4.538  1.745     -728.4984657
4.538  1.920     -728.4980490
4.538  2.094     -728.4973427
4.538  2.269     -728.4964454
4.538  2.443     -728.4950055
4.538  2.618     -728.4932820
4.538  2.793     -728.4918178
4.538  2.967     -728.4909474
4.538  3.142     -728.4905608
4.538  3.316     -728.4907076
4.538  3.491     -728.4914440
4.538  3.665     -728.4927039
4.538  3.840     -728.4942617
4.538  4.014     -728.4954358
4.538  4.189     -728.4962021
4.538  4.363     -728.4966463
4.538  4.538     -728.4966485
4.538  4.712     -728.4964301
4.538  4.887     -728.4960689
4.538  5.061     -728.4954437
4.538  5.236     -728.4948767
4.538  5.411     -728.4942572
4.538  5.585     -728.4936205
4.538  5.760     -728.4933441
4.538  5.934     -728.4932693
4.538  6.109     -728.4935760
4.712  0.000     -728.4933051
4.712  0.175     -728.4950197
4.712  0.349     -728.4967107
4.712  0.524     -728.4976569
4.712  0.698     -728.4982384
4.712  0.873     -728.4983621
4.712  1.047     -728.4985454
4.712  1.222     -728.4987406
4.712  1.396     -728.4987888
4.712  1.571     -728.4987311
4.712  1.745     -728.4983203
4.712  1.920     -728.4977171
4.712  2.094     -728.4966197
4.712  2.269     -728.4952254
4.712  2.443     -728.4933681
4.712  2.618     -728.4913947
4.712  2.793     -728.4900555
4.712  2.967     -728.4896130
4.712  3.142     -728.4899377
4.712  3.316     -728.4906893
4.712  3.491     -728.4918756
4.712  3.665     -728.4934392
4.712  3.840     -728.4952295
4.712  4.014     -728.4962045
4.712  4.189     -728.4971777
4.712  4.363     -728.4974910
4.712  4.538     -728.4972360
4.712  4.712     -728.4968266
4.712  4.887     -728.4961424
4.712  5.061     -728.4952386
4.712  5.236     -728.4942959
4.712  5.411     -728.4933399
4.712  5.585     -728.4924163
4.712  5.760     -728.4917387
4.712  5.934     -728.4916646
4.712  6.109     -728.4924261
4.887  0.000     -728.4932733
4.887  0.175     -728.4953979
4.887  0.349     -728.4971984
4.887  0.524     -728.4983945
4.887  0.698     -728.4988447
4.887  0.873     -728.4989739
4.887  1.047     -728.4988321
4.887  1.222     -728.4988394
4.887  1.396     -728.4986365
4.887  1.571     -728.4983446
4.887  1.745     -728.4977321
4.887  1.920     -728.4968007
4.887  2.094     -728.4954057
4.887  2.269     -728.4935595
4.887  2.443     -728.4914030
4.887  2.618     -728.4893096
4.887  2.793     -728.4882840
4.887  2.967     -728.4886617
4.887  3.142     -728.4897362
4.887  3.316     -728.4911605
4.887  3.491     -728.4927515
4.887  3.665     -728.4943952
4.887  3.840     -728.4960031
4.887  4.014     -728.4971737
4.887  4.189     -728.4976690
4.887  4.363     -728.4977301
4.887  4.538     -728.4973581
4.887  4.712     -728.4965223
4.887  4.887     -728.4955060
4.887  5.061     -728.4943362
4.887  5.236     -728.4930110
4.887  5.411     -728.4917320
4.887  5.585     -728.4905268
4.887  5.760     -728.4899526
4.887  5.934     -728.4900714
4.887  6.109     -728.4913381
5.061  0.000     -728.4938158
5.061  0.175     -728.4963962
5.061  0.349     -728.4981427
5.061  0.524     -728.4990452
5.061  0.698     -728.4991769
5.061  0.873     -728.4990571
5.061  1.047     -728.4987555
5.061  1.222     -728.4984772
5.061  1.396     -728.4979091
5.061  1.571     -728.4974602
5.061  1.745     -728.4966690
5.061  1.920     -728.4953868
5.061  2.094     -728.4936987
5.061  2.269     -728.4915503
5.061  2.443     -728.4891605
5.061  2.618     -728.4870487
5.061  2.793     -728.4869193
5.061  2.967     -728.4884952
5.061  3.142     -728.4903256
5.061  3.316     -728.4921267
5.061  3.491     -728.4938762
5.061  3.665     -728.4955438
5.061  3.840     -728.4969023
5.061  4.014     -728.4975228
5.061  4.189     -728.4977812
5.061  4.363     -728.4972715
5.061  4.538     -728.4965567
5.061  4.712     -728.4955183
5.061  4.887     -728.4943607
5.061  5.061     -728.4930139
5.061  5.236     -728.4914390
5.061  5.411     -728.4900286
5.061  5.585     -728.4887446
5.061  5.760     -728.4878609
5.061  5.934     -728.4884121
5.061  6.109     -728.4907336
5.236  0.000     -728.4954562
5.236  0.175     -728.4977362
5.236  0.349     -728.4990123
5.236  0.524     -728.4993857
5.236  0.698     -728.4992321
5.236  0.873     -728.4988527
5.236  1.047     -728.4982256
5.236  1.222     -728.4975340
5.236  1.396     -728.4967407
5.236  1.571     -728.4961214
5.236  1.745     -728.4951003
5.236  1.920     -728.4935595
5.236  2.094     -728.4916986
5.236  2.269     -728.4893604
5.236  2.443     -728.4867497
5.236  2.618     -728.4850455
5.236  2.793     -728.4874426
5.236  2.967     -728.4897109
5.236  3.142     -728.4917678
5.236  3.316     -728.4936395
5.236  3.491     -728.4952435
5.236  3.665     -728.4965045
5.236  3.840     -728.4973550
5.236  4.014     -728.4975033
5.236  4.189     -728.4974166
5.236  4.363     -728.4967726
5.236  4.538     -728.4956171
5.236  4.712     -728.4943214
5.236  4.887     -728.4929394
5.236  5.061     -728.4913569
5.236  5.236     -728.4896499
5.236  5.411     -728.4879872
5.236  5.585     -728.4864297
5.236  5.760     -728.4851959
5.236  5.934     -728.4885757
5.236  6.109     -728.4923243
5.411  0.000     -728.4972343
5.411  0.175     -728.4988994
5.411  0.349     -728.4996849
5.411  0.524     -728.4995678
5.411  0.698     -728.4990675
5.411  0.873     -728.4981597
5.411  1.047     -728.4971107
5.411  1.222     -728.4960797
5.411  1.396     -728.4951931
5.411  1.571     -728.4943246
5.411  1.745     -728.4930831
5.411  1.920     -728.4914024
5.411  2.094     -728.4894001
5.411  2.269     -728.4869484
5.411  2.443     -728.4847495
5.411  2.618     -728.4872585
5.411  2.793     -728.4896375
5.411  2.967     -728.4918377
5.411  3.142     -728.4937464
5.411  3.316     -728.4953076
5.411  3.491     -728.4964359
5.411  3.665     -728.4971147
5.411  3.840     -728.4973831
5.411  4.014     -728.4970684
5.411  4.189     -728.4965254
5.411  4.363     -728.4956225
5.411  4.538     -728.4942634
5.411  4.712     -728.4926941
5.411  4.887     -728.4910614
5.411  5.061     -728.4893422
5.411  5.236     -728.4875468
5.411  5.411     -728.4857687
5.411  5.585     -728.4843210
5.411  5.760     -728.4878413
5.411  5.934     -728.4913731
5.411  6.109     -728.4946067
5.585  0.000     -728.4987352
5.585  0.175     -728.4998820
5.585  0.349     -728.5000357
5.585  0.524     -728.4994401
5.585  0.698     -728.4983363
5.585  0.873     -728.4970164
5.585  1.047     -728.4956708
5.585  1.222     -728.4943994
5.585  1.396     -728.4933835
5.585  1.571     -728.4922413
5.585  1.745     -728.4907596
5.585  1.920     -728.4890331
5.585  2.094     -728.4869221
5.585  2.269     -728.4849279
5.585  2.443     -728.4874589
5.585  2.618     -728.4898372
5.585  2.793     -728.4919789
5.585  2.967     -728.4939272
5.585  3.142     -728.4955121
5.585  3.316     -728.4966417
5.585  3.491     -728.4971973
5.585  3.665     -728.4972634
5.585  3.840     -728.4969839
5.585  4.014     -728.4962085
5.585  4.189     -728.4952401
5.585  4.363     -728.4940483
5.585  4.538     -728.4925600
5.585  4.712     -728.4909011
5.585  4.887     -728.4890928
5.585  5.061     -728.4872378
5.585  5.236     -728.4853303
5.585  5.411     -728.4836672
5.585  5.585     -728.4869527
5.585  5.760     -728.4905938
5.585  5.934     -728.4939330
5.585  6.109     -728.4966885
5.760  0.000     -728.4997975
5.760  0.175     -728.5004325
5.760  0.349     -728.5000383
5.760  0.524     -728.4989166
5.760  0.698     -728.4974237
5.760  0.873     -728.4957172
5.760  1.047     -728.4940718
5.760  1.222     -728.4926222
5.760  1.396     -728.4913024
5.760  1.571     -728.4899169
5.760  1.745     -728.4883051
5.760  1.920     -728.4865186
5.760  2.094     -728.4847908
5.760  2.269     -728.4873931
5.760  2.443     -728.4898434
5.760  2.618     -728.4921059
5.760  2.793     -728.4940611
5.760  2.967     -728.4957065
5.760  3.142     -728.4968293
5.760  3.316     -728.4974583
5.760  3.491     -728.4975650
5.760  3.665     -728.4971338
5.760  3.840     -728.4963020
5.760  4.014     -728.4950277
5.760  4.189     -728.4937115
5.760  4.363     -728.4922683
5.760  4.538     -728.4906397
5.760  4.712     -728.4888708
5.760  4.887     -728.4869899
5.760  5.061     -728.4850524
5.760  5.236     -728.4833398
5.760  5.411     -728.4860724
5.760  5.585     -728.4892666
5.760  5.760     -728.4926356
5.760  5.934     -728.4958682
5.760  6.109     -728.4982973
5.934  0.000     -728.5006927
5.934  0.175     -728.5007133
5.934  0.349     -728.4998702
5.934  0.524     -728.4983125
5.934  0.698     -728.4964558
5.934  0.873     -728.4943526
5.934  1.047     -728.4924545
5.934  1.222     -728.4908296
5.934  1.396     -728.4892262
5.934  1.571     -728.4877098
5.934  1.745     -728.4860332
5.934  1.920     -728.4845948
5.934  2.094     -728.4869530
5.934  2.269     -728.4894632
5.934  2.443     -728.4918024
5.934  2.618     -728.4939271
5.934  2.793     -728.4956806
5.934  2.967     -728.4970182
5.934  3.142     -728.4978509
5.934  3.316     -728.4980985
5.934  3.491     -728.4977411
5.934  3.665     -728.4968229
5.934  3.840     -728.4954561
5.934  4.014     -728.4937995
5.934  4.189     -728.4921428
5.934  4.363     -728.4904238
5.934  4.538     -728.4885934
5.934  4.712     -728.4866972
5.934  4.887     -728.4848161
5.934  5.061     -728.4835019
5.934  5.236     -728.4854212
5.934  5.411     -728.4880722
5.934  5.585     -728.4911606
5.934  5.760     -728.4943377
5.934  5.934     -728.4972145
5.934  6.109     -728.4994902
6.109  0.000     -728.5011378
6.109  0.175     -728.5009685
6.109  0.349     -728.4996209
6.109  0.524     -728.4976550
6.109  0.698     -728.4954170
6.109  0.873     -728.4932167
6.109  1.047     -728.4912357
6.109  1.222     -728.4894968
6.109  1.396     -728.4877982
6.109  1.571     -728.4862575
6.109  1.745     -728.4849726
6.109  1.920     -728.4864034
6.109  2.094     -728.4887063
6.109  2.269     -728.4911514
6.109  2.443     -728.4934338
6.109  2.618     -728.4953956
6.109  2.793     -728.4968848
6.109  2.967     -728.4978782
6.109  3.142     -728.4983944
6.109  3.316     -728.4984586
6.109  3.491     -728.4978362
6.109  3.665     -728.4964714
6.109  3.840     -728.4946716
6.109  4.014     -728.4927635
6.109  4.189     -728.4907747
6.109  4.363     -728.4887988
6.109  4.538     -728.4868763
6.109  4.712     -728.4852061
6.109  4.887     -728.4845193
6.109  5.061     -728.4855531
6.109  5.236     -728.4873737
6.109  5.411     -728.4896047
6.109  5.585     -728.4926463
6.109  5.760     -728.4954959
6.109  5.934     -728.4981666
6.109  6.109     -728.5002368
