-180    -1530.5256749
-170    -1530.5255226
-160    -1530.5248123
-150    -1530.5237175
-140    -1530.5229495
-130    -1530.5221380
-120    -1530.5223486
-110    -1530.5231725
-100    -1530.5240678
-090    -1530.5258246
-080    -1530.5346852
-070    -1530.5351879
-060    -1530.5355752
-050    -1530.5351552
-040    -1530.5365699
-030    -1530.5337002
-020    -1530.5175557
-010    -1530.5158919
+000    -1530.5152449
+010    -1530.5161051
+020    -1530.5177951
+030    -1530.5202413
+040    -1530.5230674
+050    -1530.5349376
+060    -1530.5271737
+070    -1530.5278652
+080    -1530.5271500
+090    -1530.5258070
+100    -1530.5245140
+110    -1530.5231015
+120    -1530.5221725
+130    -1530.5222721
+140    -1530.5225281
+150    -1530.5234655
+160    -1530.5242746
+170    -1530.5253574
