0.000  0.000     -919.4815707
0.000  0.175     -919.4812295
0.000  0.349     -919.4801335
0.000  0.524     -919.4783309
0.000  0.698     -919.4758592
0.000  0.873     -919.4729128
0.000  1.047     -919.4694286
0.000  1.222     -919.4683083
0.000  1.396     -919.4693207
0.000  1.571     -919.4709630
0.000  1.745     -919.4728838
0.000  1.920     -919.4748082
0.000  2.094     -919.4764774
0.000  2.269     -919.4779002
0.000  2.443     -919.4790103
0.000  2.618     -919.4799062
0.000  2.793     -919.4804627
0.000  2.967     -919.4805354
0.000  3.142     -919.4803076
0.000  3.316     -919.4793074
0.000  3.491     -919.4773414
0.000  3.665     -919.4747822
0.000  3.840     -919.4718542
0.000  4.014     -919.4676585
0.000  4.189     -919.4667424
0.000  4.363     -919.4670323
0.000  4.538     -919.4684788
0.000  4.712     -919.4707610
0.000  4.887     -919.4733365
0.000  5.061     -919.4758571
0.000  5.236     -919.4780096
0.000  5.411     -919.4795872
0.000  5.585     -919.4803289
0.000  5.760     -919.4805701
0.000  5.934     -919.4809032
0.000  6.109     -919.4813361
0.175  0.000     -919.4810066
0.175  0.175     -919.4807434
0.175  0.349     -919.4799006
0.175  0.524     -919.4783124
0.175  0.698     -919.4758998
0.175  0.873     -919.4729321
0.175  1.047     -919.4707789
0.175  1.222     -919.4706431
0.175  1.396     -919.4711240
0.175  1.571     -919.4721089
0.175  1.745     -919.4733553
0.175  1.920     -919.4746453
0.175  2.094     -919.4758608
0.175  2.269     -919.4769492
0.175  2.443     -919.4778764
0.175  2.618     -919.4788482
0.175  2.793     -919.4794641
0.175  2.967     -919.4797361
0.175  3.142     -919.4797581
0.175  3.316     -919.4789084
0.175  3.491     -919.4771297
0.175  3.665     -919.4747554
0.175  3.840     -919.4721261
0.175  4.014     -919.4704996
0.175  4.189     -919.4695654
0.175  4.363     -919.4695479
0.175  4.538     -919.4704122
0.175  4.712     -919.4719797
0.175  4.887     -919.4738880
0.175  5.061     -919.4758801
0.175  5.236     -919.4776721
0.175  5.411     -919.4789024
0.175  5.585     -919.4795217
0.175  5.760     -919.4798326
0.175  5.934     -919.4802971
0.175  6.109     -919.4807716
0.349  0.000     -919.4794383
0.349  0.175     -919.4793198
0.349  0.349     -919.4787788
0.349  0.524     -919.4777325
0.349  0.698     -919.4759068
0.349  0.873     -919.4740259
0.349  1.047     -919.4730052
0.349  1.222     -919.4724396
0.349  1.396     -919.4723181
0.349  1.571     -919.4726396
0.349  1.745     -919.4732568
0.349  1.920     -919.4739483
0.349  2.094     -919.4746542
0.349  2.269     -919.4754136
0.349  2.443     -919.4761939
0.349  2.618     -919.4770981
0.349  2.793     -919.4776937
0.349  2.967     -919.4781254
0.349  3.142     -919.4783235
0.349  3.316     -919.4777451
0.349  3.491     -919.4763814
0.349  3.665     -919.4751772
0.349  3.840     -919.4739630
0.349  4.014     -919.4726493
0.349  4.189     -919.4716845
0.349  4.363     -919.4713653
0.349  4.538     -919.4717644
0.349  4.712     -919.4727084
0.349  4.887     -919.4740032
0.349  5.061     -919.4754537
0.349  5.236     -919.4767917
0.349  5.411     -919.4776807
0.349  5.585     -919.4781358
0.349  5.760     -919.4783782
0.349  5.934     -919.4787641
0.349  6.109     -919.4792209
0.524  0.000     -919.4772983
0.524  0.175     -919.4773481
0.524  0.349     -919.4770766
0.524  0.524     -919.4765903
0.524  0.698     -919.4763158
0.524  0.873     -919.4758206
0.524  1.047     -919.4748759
0.524  1.222     -919.4739749
0.524  1.396     -919.4733316
0.524  1.571     -919.4730093
0.524  1.745     -919.4730008
0.524  1.920     -919.4730795
0.524  2.094     -919.4732053
0.524  2.269     -919.4736003
0.524  2.443     -919.4741549
0.524  2.618     -919.4748337
0.524  2.793     -919.4754354
0.524  2.967     -919.4759640
0.524  3.142     -919.4764212
0.524  3.316     -919.4763023
0.524  3.491     -919.4762260
0.524  3.665     -919.4760908
0.524  3.840     -919.4752456
0.524  4.014     -919.4741326
0.524  4.189     -919.4731917
0.524  4.363     -919.4726515
0.524  4.538     -919.4726602
0.524  4.712     -919.4731003
0.524  4.887     -919.4738742
0.524  5.061     -919.4748345
0.524  5.236     -919.4756853
0.524  5.411     -919.4762019
0.524  5.585     -919.4763594
0.524  5.760     -919.4763318
0.524  5.934     -919.4765876
0.524  6.109     -919.4770369
0.698  0.000     -919.4751378
0.698  0.175     -919.4753481
0.698  0.349     -919.4754256
0.698  0.524     -919.4761083
0.698  0.698     -919.4768089
0.698  0.873     -919.4769485
0.698  1.047     -919.4762983
0.698  1.222     -919.4752407
0.698  1.396     -919.4741948
0.698  1.571     -919.4733231
0.698  1.745     -919.4727642
0.698  1.920     -919.4722663
0.698  2.094     -919.4718217
0.698  2.269     -919.4716441
0.698  2.443     -919.4718788
0.698  2.618     -919.4723921
0.698  2.793     -919.4730911
0.698  2.967     -919.4737721
0.698  3.142     -919.4745315
0.698  3.316     -919.4752979
0.698  3.491     -919.4760704
0.698  3.665     -919.4762961
0.698  3.840     -919.4757749
0.698  4.014     -919.4749358
0.698  4.189     -919.4741124
0.698  4.363     -919.4735342
0.698  4.538     -919.4732544
0.698  4.712     -919.4733546
0.698  4.887     -919.4737081
0.698  5.061     -919.4741569
0.698  5.236     -919.4744777
0.698  5.411     -919.4744449
0.698  5.585     -919.4742078
0.698  5.760     -919.4739359
0.698  5.934     -919.4741615
0.698  6.109     -919.4747152
0.873  0.000     -919.4733703
0.873  0.175     -919.4739005
0.873  0.349     -919.4745099
0.873  0.524     -919.4758493
0.873  0.698     -919.4770518
0.873  0.873     -919.4775045
0.873  1.047     -919.4771492
0.873  1.222     -919.4761715
0.873  1.396     -919.4748762
0.873  1.571     -919.4736055
0.873  1.745     -919.4724704
0.873  1.920     -919.4713615
0.873  2.094     -919.4704029
0.873  2.269     -919.4697308
0.873  2.443     -919.4696651
0.873  2.618     -919.4700359
0.873  2.793     -919.4710433
0.873  2.967     -919.4719823
0.873  3.142     -919.4732888
0.873  3.316     -919.4746141
0.873  3.491     -919.4756295
0.873  3.665     -919.4760309
0.873  3.840     -919.4757838
0.873  4.014     -919.4752597
0.873  4.189     -919.4746175
0.873  4.363     -919.4740265
0.873  4.538     -919.4736059
0.873  4.712     -919.4734290
0.873  4.887     -919.4734520
0.873  5.061     -919.4734670
0.873  5.236     -919.4731890
0.873  5.411     -919.4725568
0.873  5.585     -919.4719216
0.873  5.760     -919.4715981
0.873  5.934     -919.4719429
0.873  6.109     -919.4726894
1.047  0.000     -919.4720749
1.047  0.175     -919.4729863
1.047  0.349     -919.4741024
1.047  0.524     -919.4757739
1.047  0.698     -919.4771940
1.047  0.873     -919.4778063
1.047  1.047     -919.4776432
1.047  1.222     -919.4767539
1.047  1.396     -919.4753699
1.047  1.571     -919.4737729
1.047  1.745     -919.4720983
1.047  1.920     -919.4705023
1.047  2.094     -919.4691201
1.047  2.269     -919.4680920
1.047  2.443     -919.4677917
1.047  2.618     -919.4680868
1.047  2.793     -919.4691350
1.047  2.967     -919.4704611
1.047  3.142     -919.4721700
1.047  3.316     -919.4739077
1.047  3.491     -919.4751219
1.047  3.665     -919.4757212
1.047  3.840     -919.4757019
1.047  4.014     -919.4753255
1.047  4.189     -919.4747666
1.047  4.363     -919.4741896
1.047  4.538     -919.4737482
1.047  4.712     -919.4734318
1.047  4.887     -919.4732154
1.047  5.061     -919.4727684
1.047  5.236     -919.4718230
1.047  5.411     -919.4707018
1.047  5.585     -919.4697762
1.047  5.760     -919.4694972
1.047  5.934     -919.4700395
1.047  6.109     -919.4710756
1.222  0.000     -919.4711256
1.222  0.175     -919.4723976
1.222  0.349     -919.4739885
1.222  0.524     -919.4757446
1.222  0.698     -919.4772554
1.222  0.873     -919.4779846
1.222  1.047     -919.4779365
1.222  1.222     -919.4770970
1.222  1.396     -919.4757196
1.222  1.571     -919.4738176
1.222  1.745     -919.4717061
1.222  1.920     -919.4697119
1.222  2.094     -919.4679811
1.222  2.269     -919.4667151
1.222  2.443     -919.4662001
1.222  2.618     -919.4664111
1.222  2.793     -919.4675491
1.222  2.967     -919.4693585
1.222  3.142     -919.4715580
1.222  3.316     -919.4734638
1.222  3.491     -919.4747820
1.222  3.665     -919.4755168
1.222  3.840     -919.4757437
1.222  4.014     -919.4754445
1.222  4.189     -919.4748924
1.222  4.363     -919.4743488
1.222  4.538     -919.4739151
1.222  4.712     -919.4734377
1.222  4.887     -919.4728950
1.222  5.061     -919.4719956
1.222  5.236     -919.4706177
1.222  5.411     -919.4691170
1.222  5.585     -919.4679216
1.222  5.760     -919.4676438
1.222  5.934     -919.4684141
1.222  6.109     -919.4698042
1.396  0.000     -919.4703488
1.396  0.175     -919.4723524
1.396  0.349     -919.4742467
1.396  0.524     -919.4759801
1.396  0.698     -919.4773780
1.396  0.873     -919.4781237
1.396  1.047     -919.4781384
1.396  1.222     -919.4774135
1.396  1.396     -919.4759980
1.396  1.571     -919.4738560
1.396  1.745     -919.4714486
1.396  1.920     -919.4691518
1.396  2.094     -919.4671313
1.396  2.269     -919.4655906
1.396  2.443     -919.4648512
1.396  2.618     -919.4656136
1.396  2.793     -919.4677110
1.396  2.967     -919.4696557
1.396  3.142     -919.4717378
1.396  3.316     -919.4735175
1.396  3.491     -919.4747402
1.396  3.665     -919.4754271
1.396  3.840     -919.4757052
1.396  4.014     -919.4755678
1.396  4.189     -919.4751446
1.396  4.363     -919.4746679
1.396  4.538     -919.4741440
1.396  4.712     -919.4734473
1.396  4.887     -919.4724945
1.396  5.061     -919.4711582
1.396  5.236     -919.4695141
1.396  5.411     -919.4677971
1.396  5.585     -919.4664410
1.396  5.760     -919.4661837
1.396  5.934     -919.4671547
1.396  6.109     -919.4683668
1.571  0.000     -919.4712239
1.571  0.175     -919.4731728
1.571  0.349     -919.4749788
1.571  0.524     -919.4764939
1.571  0.698     -919.4776611
1.571  0.873     -919.4783942
1.571  1.047     -919.4784359
1.571  1.222     -919.4776970
1.571  1.396     -919.4761266
1.571  1.571     -919.4738140
1.571  1.745     -919.4712152
1.571  1.920     -919.4686556
1.571  2.094     -919.4663191
1.571  2.269     -919.4645090
1.571  2.443     -919.4635093
1.571  2.618     -919.4669751
1.571  2.793     -919.4690524
1.571  2.967     -919.4708603
1.571  3.142     -919.4725845
1.571  3.316     -919.4739663
1.571  3.491     -919.4749388
1.571  3.665     -919.4755286
1.571  3.840     -919.4757959
1.571  4.014     -919.4758010
1.571  4.189     -919.4754428
1.571  4.363     -919.4748934
1.571  4.538     -919.4741875
1.571  4.712     -919.4732950
1.571  4.887     -919.4720603
1.571  5.061     -919.4705141
1.571  5.236     -919.4686599
1.571  5.411     -919.4666924
1.571  5.585     -919.4651937
1.571  5.760     -919.4662564
1.571  5.934     -919.4677855
1.571  6.109     -919.4693979
1.745  0.000     -919.4727240
1.745  0.175     -919.4743930
1.745  0.349     -919.4758898
1.745  0.524     -919.4770788
1.745  0.698     -919.4780588
1.745  0.873     -919.4787098
1.745  1.047     -919.4787027
1.745  1.222     -919.4778455
1.745  1.396     -919.4760382
1.745  1.571     -919.4735702
1.745  1.745     -919.4707760
1.745  1.920     -919.4679336
1.745  2.094     -919.4652806
1.745  2.269     -919.4632545
1.745  2.443     -919.4669044
1.745  2.618     -919.4690156
1.745  2.793     -919.4708902
1.745  2.967     -919.4724566
1.745  3.142     -919.4738480
1.745  3.316     -919.4747910
1.745  3.491     -919.4754235
1.745  3.665     -919.4757970
1.745  3.840     -919.4758914
1.745  4.014     -919.4758700
1.745  4.189     -919.4755215
1.745  4.363     -919.4748698
1.745  4.538     -919.4740103
1.745  4.712     -919.4729060
1.745  4.887     -919.4714872
1.745  5.061     -919.4697460
1.745  5.236     -919.4676604
1.745  5.411     -919.4654617
1.745  5.585     -919.4666163
1.745  5.760     -919.4683231
1.745  5.934     -919.4696810
1.745  6.109     -919.4710731
1.920  0.000     -919.4744512
1.920  0.175     -919.4757749
1.920  0.349     -919.4768951
1.920  0.524     -919.4777110
1.920  0.698     -919.4784033
1.920  0.873     -919.4787532
1.920  1.047     -919.4785373
1.920  1.222     -919.4775179
1.920  1.396     -919.4755388
1.920  1.571     -919.4728930
1.920  1.745     -919.4698423
1.920  1.920     -919.4666937
1.920  2.094     -919.4637864
1.920  2.269     -919.4616236
1.920  2.443     -919.4693550
1.920  2.618     -919.4712383
1.920  2.793     -919.4728357
1.920  2.967     -919.4741232
1.920  3.142     -919.4751594
1.920  3.316     -919.4756693
1.920  3.491     -919.4759070
1.920  3.665     -919.4760344
1.920  3.840     -919.4759258
1.920  4.014     -919.4757046
1.920  4.189     -919.4752001
1.920  4.363     -919.4743752
1.920  4.538     -919.4733014
1.920  4.712     -919.4720822
1.920  4.887     -919.4705309
1.920  5.061     -919.4685541
1.920  5.236     -919.4662381
1.920  5.411     -919.4638718
1.920  5.585     -919.4691906
1.920  5.760     -919.4707153
1.920  5.934     -919.4718594
1.920  6.109     -919.4730771
2.094  0.000     -919.4760451
2.094  0.175     -919.4770191
2.094  0.349     -919.4777470
2.094  0.524     -919.4781529
2.094  0.698     -919.4784263
2.094  0.873     -919.4784093
2.094  1.047     -919.4779158
2.094  1.222     -919.4766897
2.094  1.396     -919.4744750
2.094  1.571     -919.4715447
2.094  1.745     -919.4682094
2.094  1.920     -919.4647524
2.094  2.094     -919.4616851
2.094  2.269     -919.4693115
2.094  2.443     -919.4715312
2.094  2.618     -919.4732874
2.094  2.793     -919.4746712
2.094  2.967     -919.4756562
2.094  3.142     -919.4763240
2.094  3.316     -919.4764003
2.094  3.491     -919.4762974
2.094  3.665     -919.4761286
2.094  3.840     -919.4756390
2.094  4.014     -919.4751202
2.094  4.189     -919.4744182
2.094  4.363     -919.4734405
2.094  4.538     -919.4721595
2.094  4.712     -919.4707626
2.094  4.887     -919.4689546
2.094  5.061     -919.4667667
2.094  5.236     -919.4642303
2.094  5.411     -919.4697972
2.094  5.585     -919.4717858
2.094  5.760     -919.4730712
2.094  5.934     -919.4740030
2.094  6.109     -919.4749440
2.269  0.000     -919.4772820
2.269  0.175     -919.4779484
2.269  0.349     -919.4783740
2.269  0.524     -919.4783883
2.269  0.698     -919.4781779
2.269  0.873     -919.4777099
2.269  1.047     -919.4768444
2.269  1.222     -919.4752028
2.269  1.396     -919.4726840
2.269  1.571     -919.4694504
2.269  1.745     -919.4658386
2.269  1.920     -919.4621483
2.269  2.094     -919.4687364
2.269  2.269     -919.4712160
2.269  2.443     -919.4732629
2.269  2.618     -919.4749100
2.269  2.793     -919.4760853
2.269  2.967     -919.4767639
2.269  3.142     -919.4771009
2.269  3.316     -919.4768438
2.269  3.491     -919.4764435
2.269  3.665     -919.4758551
2.269  3.840     -919.4750022
2.269  4.014     -919.4741335
2.269  4.189     -919.4731047
2.269  4.363     -919.4718632
2.269  4.538     -919.4703616
2.269  4.712     -919.4687001
2.269  4.887     -919.4666493
2.269  5.061     -919.4642538
2.269  5.236     -919.4693249
2.269  5.411     -919.4721880
2.269  5.585     -919.4740152
2.269  5.760     -919.4750862
2.269  5.934     -919.4757766
2.269  6.109     -919.4764675
2.443  0.000     -919.4781497
2.443  0.175     -919.4786042
2.443  0.349     -919.4786987
2.443  0.524     -919.4782699
2.443  0.698     -919.4775563
2.443  0.873     -919.4767250
2.443  1.047     -919.4753830
2.443  1.222     -919.4732428
2.443  1.396     -919.4703419
2.443  1.571     -919.4667635
2.443  1.745     -919.4628698
2.443  1.920     -919.4675679
2.443  2.094     -919.4703271
2.443  2.269     -919.4726298
2.443  2.443     -919.4745206
2.443  2.618     -919.4761213
2.443  2.793     -919.4771521
2.443  2.967     -919.4775833
2.443  3.142     -919.4776885
2.443  3.316     -919.4771782
2.443  3.491     -919.4764251
2.443  3.665     -919.4754211
2.443  3.840     -919.4740745
2.443  4.014     -919.4726735
2.443  4.189     -919.4713446
2.443  4.363     -919.4697813
2.443  4.538     -919.4679687
2.443  4.712     -919.4659570
2.443  4.887     -919.4636589
2.443  5.061     -919.4679094
2.443  5.236     -919.4714660
2.443  5.411     -919.4741450
2.443  5.585     -919.4757467
2.443  5.760     -919.4765992
2.443  5.934     -919.4770766
2.443  6.109     -919.4775581
2.618  0.000     -919.4788431
2.618  0.175     -919.4790664
2.618  0.349     -919.4788666
2.618  0.524     -919.4780228
2.618  0.698     -919.4769105
2.618  0.873     -919.4755882
2.618  1.047     -919.4736517
2.618  1.222     -919.4709758
2.618  1.396     -919.4676043
2.618  1.571     -919.4636329
2.618  1.745     -919.4661861
2.618  1.920     -919.4690307
2.618  2.094     -919.4716181
2.618  2.269     -919.4737535
2.618  2.443     -919.4754795
2.618  2.618     -919.4769409
2.618  2.793     -919.4778558
2.618  2.967     -919.4781335
2.618  3.142     -919.4780731
2.618  3.316     -919.4773953
2.618  3.491     -919.4763287
2.618  3.665     -919.4748312
2.618  3.840     -919.4729337
2.618  4.014     -919.4710117
2.618  4.189     -919.4692329
2.618  4.363     -919.4672492
2.618  4.538     -919.4650666
2.618  4.712     -919.4627620
2.618  4.887     -919.4658339
2.618  5.061     -919.4697748
2.618  5.236     -919.4730895
2.618  5.411     -919.4755055
2.618  5.585     -919.4769614
2.618  5.760     -919.4776459
2.618  5.934     -919.4779993
2.618  6.109     -919.4783580
2.793  0.000     -919.4792409
2.793  0.175     -919.4793864
2.793  0.349     -919.4790647
2.793  0.524     -919.4779456
2.793  0.698     -919.4763879
2.793  0.873     -919.4744588
2.793  1.047     -919.4719020
2.793  1.222     -919.4686430
2.793  1.396     -919.4648013
2.793  1.571     -919.4605791
2.793  1.745     -919.4677367
2.793  1.920     -919.4703422
2.793  2.094     -919.4727159
2.793  2.269     -919.4746635
2.793  2.443     -919.4761960
2.793  2.618     -919.4774381
2.793  2.793     -919.4782715
2.793  2.967     -919.4784740
2.793  3.142     -919.4783377
2.793  3.316     -919.4775163
2.793  3.491     -919.4761150
2.793  3.665     -919.4741882
2.793  3.840     -919.4717778
2.793  4.014     -919.4692554
2.793  4.189     -919.4669608
2.793  4.363     -919.4646250
2.793  4.538     -919.4622107
2.793  4.712     -919.4638666
2.793  4.887     -919.4676976
2.793  5.061     -919.4713120
2.793  5.236     -919.4743502
2.793  5.411     -919.4764730
2.793  5.585     -919.4777628
2.793  5.760     -919.4783629
2.793  5.934     -919.4786226
2.793  6.109     -919.4788597
2.967  0.000     -919.4795146
2.967  0.175     -919.4796114
2.967  0.349     -919.4792192
2.967  0.524     -919.4779629
2.967  0.698     -919.4760497
2.967  0.873     -919.4736199
2.967  1.047     -919.4705197
2.967  1.222     -919.4667531
2.967  1.396     -919.4626228
2.967  1.571     -919.4669324
2.967  1.745     -919.4691915
2.967  1.920     -919.4714327
2.967  2.094     -919.4734811
2.967  2.269     -919.4752120
2.967  2.443     -919.4765715
2.967  2.618     -919.4776684
2.967  2.793     -919.4784554
2.967  2.967     -919.4785977
2.967  3.142     -919.4784696
2.967  3.316     -919.4775491
2.967  3.491     -919.4759014
2.967  3.665     -919.4736338
2.967  3.840     -919.4708339
2.967  4.014     -919.4678544
2.967  4.189     -919.4650810
2.967  4.363     -919.4625277
2.967  4.538     -919.4627964
2.967  4.712     -919.4658118
2.967  4.887     -919.4692222
2.967  5.061     -919.4724677
2.967  5.236     -919.4751982
2.967  5.411     -919.4771443
2.967  5.585     -919.4783656
2.967  5.760     -919.4788926
2.967  5.934     -919.4790466
2.967  6.109     -919.4792219
3.142  0.000     -919.4797593
3.142  0.175     -919.4798591
3.142  0.349     -919.4794117
3.142  0.524     -919.4781061
3.142  0.698     -919.4759995
3.142  0.873     -919.4733107
3.142  1.047     -919.4699534
3.142  1.222     -919.4661918
3.142  1.396     -919.4669900
3.142  1.571     -919.4685775
3.142  1.745     -919.4703915
3.142  1.920     -919.4721773
3.142  2.094     -919.4738081
3.142  2.269     -919.4752513
3.142  2.443     -919.4764888
3.142  2.618     -919.4775326
3.142  2.793     -919.4783595
3.142  2.967     -919.4785066
3.142  3.142     -919.4783737
3.142  3.316     -919.4774565
3.142  3.491     -919.4756516
3.142  3.665     -919.4731891
3.142  3.840     -919.4702597
3.142  4.014     -919.4672583
3.142  4.189     -919.4643928
3.142  4.363     -919.4632745
3.142  4.538     -919.4649729
3.142  4.712     -919.4674988
3.142  4.887     -919.4703956
3.142  5.061     -919.4732190
3.142  5.236     -919.4756469
3.142  5.411     -919.4775348
3.142  5.585     -919.4787080
3.142  5.760     -919.4791621
3.142  5.934     -919.4792456
3.142  6.109     -919.4794259
3.316  0.000     -919.4799507
3.316  0.175     -919.4800503
3.316  0.349     -919.4796654
3.316  0.524     -919.4784269
3.316  0.698     -919.4762437
3.316  0.873     -919.4733969
3.316  1.047     -919.4701124
3.316  1.222     -919.4682984
3.316  1.396     -919.4687882
3.316  1.571     -919.4698795
3.316  1.745     -919.4711794
3.316  1.920     -919.4724422
3.316  2.094     -919.4735682
3.316  2.269     -919.4747097
3.316  2.443     -919.4758554
3.316  2.618     -919.4768915
3.316  2.793     -919.4777466
3.316  2.967     -919.4780627
3.316  3.142     -919.4780958
3.316  3.316     -919.4771769
3.316  3.491     -919.4753103
3.316  3.665     -919.4727734
3.316  3.840     -919.4699050
3.316  4.014     -919.4665533
3.316  4.189     -919.4655716
3.316  4.363     -919.4657359
3.316  4.538     -919.4670292
3.316  4.712     -919.4689563
3.316  4.887     -919.4712139
3.316  5.061     -919.4735673
3.316  5.236     -919.4757356
3.316  5.411     -919.4774863
3.316  5.585     -919.4785750
3.316  5.760     -919.4790129
3.316  5.934     -919.4792068
3.316  6.109     -919.4795627
3.491  0.000     -919.4796563
3.491  0.175     -919.4797771
3.491  0.349     -919.4795351
3.491  0.524     -919.4785205
3.491  0.698     -919.4765801
3.491  0.873     -919.4739263
3.491  1.047     -919.4712694
3.491  1.222     -919.4704939
3.491  1.396     -919.4704395
3.491  1.571     -919.4708841
3.491  1.745     -919.4715901
3.491  1.920     -919.4723221
3.491  2.094     -919.4729861
3.491  2.269     -919.4737694
3.491  2.443     -919.4747355
3.491  2.618     -919.4757777
3.491  2.793     -919.4765841
3.491  2.967     -919.4770698
3.491  3.142     -919.4773689
3.491  3.316     -919.4766757
3.491  3.491     -919.4749742
3.491  3.665     -919.4726020
3.491  3.840     -919.4700686
3.491  4.014     -919.4688751
3.491  4.189     -919.4681562
3.491  4.363     -919.4681589
3.491  4.538     -919.4689229
3.491  4.712     -919.4702535
3.491  4.887     -919.4718800
3.491  5.061     -919.4738138
3.491  5.236     -919.4756876
3.491  5.411     -919.4770952
3.491  5.585     -919.4779729
3.491  5.760     -919.4783103
3.491  5.934     -919.4786349
3.491  6.109     -919.4791892
3.665  0.000     -919.4788368
3.665  0.175     -919.4790272
3.665  0.349     -919.4789501
3.665  0.524     -919.4781941
3.665  0.698     -919.4767779
3.665  0.873     -919.4750138
3.665  1.047     -919.4738590
3.665  1.222     -919.4729100
3.665  1.396     -919.4723701
3.665  1.571     -919.4721388
3.665  1.745     -919.4721509
3.665  1.920     -919.4722436
3.665  2.094     -919.4723679
3.665  2.269     -919.4726263
3.665  2.443     -919.4733390
3.665  2.618     -919.4742551
3.665  2.793     -919.4749519
3.665  2.967     -919.4755137
3.665  3.142     -919.4760425
3.665  3.316     -919.4757671
3.665  3.491     -919.4746070
3.665  3.665     -919.4728953
3.665  3.840     -919.4719516
3.665  4.014     -919.4712123
3.665  4.189     -919.4706410
3.665  4.363     -919.4704421
3.665  4.538     -919.4707181
3.665  4.712     -919.4714828
3.665  4.887     -919.4726462
3.665  5.061     -919.4740620
3.665  5.236     -919.4754262
3.665  5.411     -919.4763335
3.665  5.585     -919.4768465
3.665  5.760     -919.4770167
3.665  5.934     -919.4774419
3.665  6.109     -919.4782018
3.840  0.000     -919.4774171
3.840  0.175     -919.4777708
3.840  0.349     -919.4778494
3.840  0.524     -919.4774863
3.840  0.698     -919.4771154
3.840  0.873     -919.4766927
3.840  1.047     -919.4760038
3.840  1.222     -919.4750361
3.840  1.396     -919.4741470
3.840  1.571     -919.4733377
3.840  1.745     -919.4726448
3.840  1.920     -919.4720727
3.840  2.094     -919.4717185
3.840  2.269     -919.4715339
3.840  2.443     -919.4717729
3.840  2.618     -919.4723541
3.840  2.793     -919.4729020
3.840  2.967     -919.4735576
3.840  3.142     -919.4743008
3.840  3.316     -919.4745308
3.840  3.491     -919.4742644
3.840  3.665     -919.4739734
3.840  3.840     -919.4736293
3.840  4.014     -919.4731230
3.840  4.189     -919.4726341
3.840  4.363     -919.4723076
3.840  4.538     -919.4723147
3.840  4.712     -919.4726633
3.840  4.887     -919.4733733
3.840  5.061     -919.4741982
3.840  5.236     -919.4748424
3.840  5.411     -919.4751578
3.840  5.585     -919.4752336
3.840  5.760     -919.4752648
3.840  5.934     -919.4757746
3.840  6.109     -919.4766572
4.014  0.000     -919.4757426
4.014  0.175     -919.4763006
4.014  0.349     -919.4766315
4.014  0.524     -919.4769937
4.014  0.698     -919.4776511
4.014  0.873     -919.4778439
4.014  1.047     -919.4775046
4.014  1.222     -919.4766016
4.014  1.396     -919.4755042
4.014  1.571     -919.4743014
4.014  1.745     -919.4730448
4.014  1.920     -919.4718928
4.014  2.094     -919.4709292
4.014  2.269     -919.4702120
4.014  2.443     -919.4699360
4.014  2.618     -919.4701610
4.014  2.793     -919.4705964
4.014  2.967     -919.4713843
4.014  3.142     -919.4723865
4.014  3.316     -919.4732499
4.014  3.491     -919.4740214
4.014  3.665     -919.4746290
4.014  3.840     -919.4747243
4.014  4.014     -919.4744222
4.014  4.189     -919.4739735
4.014  4.363     -919.4736034
4.014  4.538     -919.4734395
4.014  4.712     -919.4734713
4.014  4.887     -919.4738127
4.014  5.061     -919.4740902
4.014  5.236     -919.4740030
4.014  5.411     -919.4736900
4.014  5.585     -919.4733934
4.014  5.760     -919.4733303
4.014  5.934     -919.4738856
4.014  6.109     -919.4748647
4.189  0.000     -919.4741126
4.189  0.175     -919.4749916
4.189  0.349     -919.4756799
4.189  0.524     -919.4767168
4.189  0.698     -919.4779123
4.189  0.873     -919.4785077
4.189  1.047     -919.4783878
4.189  1.222     -919.4775692
4.189  1.396     -919.4763523
4.189  1.571     -919.4748468
4.189  1.745     -919.4731596
4.189  1.920     -919.4715246
4.189  2.094     -919.4699870
4.189  2.269     -919.4687378
4.189  2.443     -919.4680527
4.189  2.618     -919.4679224
4.189  2.793     -919.4682811
4.189  2.967     -919.4692624
4.189  3.142     -919.4702172
4.189  3.316     -919.4721227
4.189  3.491     -919.4736051
4.189  3.665     -919.4746269
4.189  3.840     -919.4750630
4.189  4.014     -919.4749954
4.189  4.189     -919.4746032
4.189  4.363     -919.4742378
4.189  4.538     -919.4740137
4.189  4.712     -919.4738919
4.189  4.887     -919.4738882
4.189  5.061     -919.4736258
4.189  5.236     -919.4730079
4.189  5.411     -919.4722075
4.189  5.585     -919.4715034
4.189  5.760     -919.4712158
4.189  5.934     -919.4718603
4.189  6.109     -919.4730384
4.363  0.000     -919.4726436
4.363  0.175     -919.4738261
4.363  0.349     -919.4748696
4.363  0.524     -919.4762517
4.363  0.698     -919.4776999
4.363  0.873     -919.4786032
4.363  1.047     -919.4786700
4.363  1.222     -919.4779194
4.363  1.396     -919.4766789
4.363  1.571     -919.4749340
4.363  1.745     -919.4728727
4.363  1.920     -919.4707670
4.363  2.094     -919.4687788
4.363  2.269     -919.4671724
4.363  2.443     -919.4662445
4.363  2.618     -919.4658507
4.363  2.793     -919.4661731
4.363  2.967     -919.4674465
4.363  3.142     -919.4696056
4.363  3.316     -919.4715660
4.363  3.491     -919.4731347
4.363  3.665     -919.4742754
4.363  3.840     -919.4748531
4.363  4.014     -919.4749159
4.363  4.189     -919.4746027
4.363  4.363     -919.4743404
4.363  4.538     -919.4741326
4.363  4.712     -919.4738964
4.363  4.887     -919.4735299
4.363  5.061     -919.4728442
4.363  5.236     -919.4718042
4.363  5.411     -919.4705534
4.363  5.585     -919.4694880
4.363  5.760     -919.4691390
4.363  5.934     -919.4699681
4.363  6.109     -919.4712982
4.538  0.000     -919.4713650
4.538  0.175     -919.4728182
4.538  0.349     -919.4741613
4.538  0.524     -919.4756516
4.538  0.698     -919.4772251
4.538  0.873     -919.4782659
4.538  1.047     -919.4784884
4.538  1.222     -919.4778287
4.538  1.396     -919.4765162
4.538  1.571     -919.4745411
4.538  1.745     -919.4721800
4.538  1.920     -919.4696857
4.538  2.094     -919.4673483
4.538  2.269     -919.4654840
4.538  2.443     -919.4643578
4.538  2.618     -919.4638209
4.538  2.793     -919.4652463
4.538  2.967     -919.4674120
4.538  3.142     -919.4695624
4.538  3.316     -919.4713339
4.538  3.491     -919.4726041
4.538  3.665     -919.4737030
4.538  3.840     -919.4742786
4.538  4.014     -919.4744573
4.538  4.189     -919.4743901
4.538  4.363     -919.4742212
4.538  4.538     -919.4739533
4.538  4.712     -919.4734874
4.538  4.887     -919.4727791
4.538  5.061     -919.4717541
4.538  5.236     -919.4704242
4.538  5.411     -919.4688800
4.538  5.585     -919.4675780
4.538  5.760     -919.4672877
4.538  5.934     -919.4682816
4.538  6.109     -919.4698202
4.712  0.000     -919.4703209
4.712  0.175     -919.4721123
4.712  0.349     -919.4736985
4.712  0.524     -919.4752361
4.712  0.698     -919.4767187
4.712  0.873     -919.4776919
4.712  1.047     -919.4779680
4.712  1.222     -919.4773566
4.712  1.396     -919.4759223
4.712  1.571     -919.4737784
4.712  1.745     -919.4711738
4.712  1.920     -919.4683467
4.712  2.094     -919.4657129
4.712  2.269     -919.4636307
4.712  2.443     -919.4623636
4.712  2.618     -919.4640488
4.712  2.793     -919.4662012
4.712  2.967     -919.4681665
4.712  3.142     -919.4700583
4.712  3.316     -919.4715227
4.712  3.491     -919.4723626
4.712  3.665     -919.4732471
4.712  3.840     -919.4737454
4.712  4.014     -919.4740021
4.712  4.189     -919.4740429
4.712  4.363     -919.4737979
4.712  4.538     -919.4733783
4.712  4.712     -919.4726823
4.712  4.887     -919.4717874
4.712  5.061     -919.4705797
4.712  5.236     -919.4689958
4.712  5.411     -919.4670876
4.712  5.585     -919.4656357
4.712  5.760     -919.4655269
4.712  5.934     -919.4667637
4.712  6.109     -919.4685104
4.887  0.000     -919.4708386
4.887  0.175     -919.4724587
4.887  0.349     -919.4738116
4.887  0.524     -919.4750661
4.887  0.698     -919.4763081
4.887  0.873     -919.4771270
4.887  1.047     -919.4773045
4.887  1.222     -919.4766011
4.887  1.396     -919.4749752
4.887  1.571     -919.4726808
4.887  1.745     -919.4698872
4.887  1.920     -919.4668224
4.887  2.094     -919.4639677
4.887  2.269     -919.4617137
4.887  2.443     -919.4603511
4.887  2.618     -919.4660009
4.887  2.793     -919.4679504
4.887  2.967     -919.4695425
4.887  3.142     -919.4709779
4.887  3.316     -919.4719999
4.887  3.491     -919.4724718
4.887  3.665     -919.4729447
4.887  3.840     -919.4732959
4.887  4.014     -919.4734326
4.887  4.189     -919.4733692
4.887  4.363     -919.4730261
4.887  4.538     -919.4724877
4.887  4.712     -919.4716457
4.887  4.887     -919.4705558
4.887  5.061     -919.4691067
4.887  5.236     -919.4672700
4.887  5.411     -919.4651771
4.887  5.585     -919.4637490
4.887  5.760     -919.4666239
4.887  5.934     -919.4678670
4.887  6.109     -919.4692356
5.061  0.000     -919.4719870
5.061  0.175     -919.4733363
5.061  0.349     -919.4744016
5.061  0.524     -919.4752629
5.061  0.698     -919.4761208
5.061  0.873     -919.4766508
5.061  1.047     -919.4765976
5.061  1.222     -919.4756819
5.061  1.396     -919.4738390
5.061  1.571     -919.4713320
5.061  1.745     -919.4683186
5.061  1.920     -919.4650547
5.061  2.094     -919.4620771
5.061  2.269     -919.4596707
5.061  2.443     -919.4661825
5.061  2.618     -919.4683146
5.061  2.793     -919.4700149
5.061  2.967     -919.4712582
5.061  3.142     -919.4722535
5.061  3.316     -919.4727901
5.061  3.491     -919.4728002
5.061  3.665     -919.4728495
5.061  3.840     -919.4729108
5.061  4.014     -919.4728603
5.061  4.189     -919.4726522
5.061  4.363     -919.4721771
5.061  4.538     -919.4713908
5.061  4.712     -919.4703218
5.061  4.887     -919.4689912
5.061  5.061     -919.4673658
5.061  5.236     -919.4653796
5.061  5.411     -919.4632197
5.061  5.585     -919.4670987
5.061  5.760     -919.4684816
5.061  5.934     -919.4695116
5.061  6.109     -919.4706315
5.236  0.000     -919.4734474
5.236  0.175     -919.4744614
5.236  0.349     -919.4751721
5.236  0.524     -919.4756736
5.236  0.698     -919.4760789
5.236  0.873     -919.4761989
5.236  1.047     -919.4757961
5.236  1.222     -919.4745567
5.236  1.396     -919.4724239
5.236  1.571     -919.4696204
5.236  1.745     -919.4663515
5.236  1.920     -919.4628917
5.236  2.094     -919.4598361
5.236  2.269     -919.4666600
5.236  2.443     -919.4689205
5.236  2.618     -919.4707978
5.236  2.793     -919.4722482
5.236  2.967     -919.4731632
5.236  3.142     -919.4737094
5.236  3.316     -919.4737654
5.236  3.491     -919.4733295
5.236  3.665     -919.4729203
5.236  3.840     -919.4726540
5.236  4.014     -919.4723120
5.236  4.189     -919.4718290
5.236  4.363     -919.4710739
5.236  4.538     -919.4700049
5.236  4.712     -919.4687239
5.236  4.887     -919.4671901
5.236  5.061     -919.4653688
5.236  5.236     -919.4632252
5.236  5.411     -919.4676593
5.236  5.585     -919.4695536
5.236  5.760     -919.4707042
5.236  5.934     -919.4714938
5.236  6.109     -919.4723638
5.411  0.000     -919.4751142
5.411  0.175     -919.4757429
5.411  0.349     -919.4760394
5.411  0.524     -919.4761261
5.411  0.698     -919.4760560
5.411  0.873     -919.4756549
5.411  1.047     -919.4747869
5.411  1.222     -919.4731025
5.411  1.396     -919.4706044
5.411  1.571     -919.4675064
5.411  1.745     -919.4639945
5.411  1.920     -919.4603852
5.411  2.094     -919.4669556
5.411  2.269     -919.4697116
5.411  2.443     -919.4717626
5.411  2.618     -919.4733493
5.411  2.793     -919.4745033
5.411  2.967     -919.4750849
5.411  3.142     -919.4752012
5.411  3.316     -919.4748218
5.411  3.491     -919.4740067
5.411  3.665     -919.4731526
5.411  3.840     -919.4723779
5.411  4.014     -919.4716403
5.411  4.189     -919.4707698
5.411  4.363     -919.4696781
5.411  4.538     -919.4683235
5.411  4.712     -919.4667912
5.411  4.887     -919.4650182
5.411  5.061     -919.4630245
5.411  5.236     -919.4678162
5.411  5.411     -919.4705573
5.411  5.585     -919.4722001
5.411  5.760     -919.4731133
5.411  5.934     -919.4736534
5.411  6.109     -919.4743244
5.585  0.000     -919.4768598
5.585  0.175     -919.4771491
5.585  0.349     -919.4770328
5.585  0.524     -919.4765991
5.585  0.698     -919.4759778
5.585  0.873     -919.4750091
5.585  1.047     -919.4736170
5.585  1.222     -919.4714040
5.585  1.396     -919.4684580
5.585  1.571     -919.4650265
5.585  1.745     -919.4612841
5.585  1.920     -919.4670360
5.585  2.094     -919.4701210
5.585  2.269     -919.4726751
5.585  2.443     -919.4744902
5.585  2.618     -919.4757880
5.585  2.793     -919.4766431
5.585  2.967     -919.4769023
5.585  3.142     -919.4766438
5.585  3.316     -919.4759411
5.585  3.491     -919.4748082
5.585  3.665     -919.4735037
5.585  3.840     -919.4721590
5.585  4.014     -919.4709396
5.585  4.189     -919.4695832
5.585  4.363     -919.4680677
5.585  4.538     -919.4663987
5.585  4.712     -919.4645963
5.585  4.887     -919.4626080
5.585  5.061     -919.4675210
5.585  5.236     -919.4709707
5.585  5.411     -919.4734472
5.585  5.585     -919.4748444
5.585  5.760     -919.4755139
5.585  5.934     -919.4758451
5.585  6.109     -919.4763403
5.760  0.000     -919.4785809
5.760  0.175     -919.4785860
5.760  0.349     -919.4779994
5.760  0.524     -919.4770883
5.760  0.698     -919.4758556
5.760  0.873     -919.4742864
5.760  1.047     -919.4723186
5.760  1.222     -919.4695768
5.760  1.396     -919.4661663
5.760  1.571     -919.4623933
5.760  1.745     -919.4667299
5.760  1.920     -919.4700678
5.760  2.094     -919.4728905
5.760  2.269     -919.4751979
5.760  2.443     -919.4768054
5.760  2.618     -919.4779061
5.760  2.793     -919.4785229
5.760  2.967     -919.4785391
5.760  3.142     -919.4780208
5.760  3.316     -919.4771199
5.760  3.491     -919.4756133
5.760  3.665     -919.4739204
5.760  3.840     -919.4719983
5.760  4.014     -919.4701327
5.760  4.189     -919.4682795
5.760  4.363     -919.4663591
5.760  4.538     -919.4644566
5.760  4.712     -919.4624600
5.760  4.887     -919.4668174
5.760  5.061     -919.4706671
5.760  5.236     -919.4738429
5.760  5.411     -919.4760991
5.760  5.585     -919.4772704
5.760  5.760     -919.4777209
5.760  5.934     -919.4778816
5.760  6.109     -919.4782261
5.934  0.000     -919.4801048
5.934  0.175     -919.4798694
5.934  0.349     -919.4789094
5.934  0.524     -919.4775603
5.934  0.698     -919.4757762
5.934  0.873     -919.4736551
5.934  1.047     -919.4710872
5.934  1.222     -919.4678355
5.934  1.396     -919.4640253
5.934  1.571     -919.4600741
5.934  1.745     -919.4695295
5.934  1.920     -919.4724972
5.934  2.094     -919.4749818
5.934  2.269     -919.4769877
5.934  2.443     -919.4784199
5.934  2.618     -919.4794155
5.934  2.793     -919.4799171
5.934  2.967     -919.4798124
5.934  3.142     -919.4792217
5.934  3.316     -919.4782097
5.934  3.491     -919.4764491
5.934  3.665     -919.4743428
5.934  3.840     -919.4718754
5.934  4.014     -919.4693640
5.934  4.189     -919.4670825
5.934  4.363     -919.4648383
5.934  4.538     -919.4626936
5.934  4.712     -919.4605650
5.934  4.887     -919.4697710
5.934  5.061     -919.4732364
5.934  5.236     -919.4761132
5.934  5.411     -919.4781624
5.934  5.585     -919.4791760
5.934  5.760     -919.4795109
5.934  5.934     -919.4796242
5.934  6.109     -919.4798959
6.109  0.000     -919.4811718
6.109  0.175     -919.4808195
6.109  0.349     -919.4796811
6.109  0.524     -919.4780077
6.109  0.698     -919.4757794
6.109  0.873     -919.4731457
6.109  1.047     -919.4700435
6.109  1.222     -919.4663857
6.109  1.396     -919.4623857
6.109  1.571     -919.4690436
6.109  1.745     -919.4716059
6.109  1.920     -919.4741239
6.109  2.094     -919.4762364
6.109  2.269     -919.4779542
6.109  2.443     -919.4792367
6.109  2.618     -919.4801327
6.109  2.793     -919.4806054
6.109  2.967     -919.4805406
6.109  3.142     -919.4800853
6.109  3.316     -919.4790383
6.109  3.491     -919.4771006
6.109  3.665     -919.4746729
6.109  3.840     -919.4718317
6.109  4.014     -919.4689056
6.109  4.189     -919.4635156
6.109  4.363     -919.4639168
6.109  4.538     -919.4659294
6.109  4.712     -919.4688366
6.109  4.887     -919.4719895
6.109  5.061     -919.4749762
6.109  5.236     -919.4775128
6.109  5.411     -919.4793696
6.109  5.585     -919.4802780
6.109  5.760     -919.4805314
6.109  5.934     -919.4806875
6.109  6.109     -919.4809902
