3.000       1460.5922075
3.500        543.6740706
3.700        340.7271582
3.900        200.6735455
4.000        149.3505829
4.100        108.1960460
4.200         75.6101659
4.300         50.1678481
4.400         30.6364734
4.500         15.9483827
4.600          5.1775887
4.700         -2.4984772
4.800         -7.7805346
4.900        -11.2367412
5.000        -13.3108853
5.100        -14.3440716
5.200        -14.6436410
5.300        -14.4736137
5.400        -13.9552615
5.500        -13.1676906
5.600        -12.2267381
5.700        -11.2738133
5.800        -10.3716656
5.900         -9.4813590
6.000         -8.6125289
6.500         -5.2975215
7.000         -3.4251208
8.000         -1.6565060
10.000         -0.5184573
