3.000        -58.1234103
3.500        -34.6899267
3.700        -27.2469980
3.900        -21.2922779
4.000        -18.8225911
4.100        -16.6525856
4.200        -14.7502562
4.300        -13.0834717
4.400        -11.6210654
4.500        -10.3355028
4.600         -9.2031094
4.700         -8.2042691
4.800         -7.3227786
4.900         -6.5448154
5.000         -5.8582501
5.100         -5.2522088
5.200         -4.7168998
5.300         -4.2436308
5.400         -3.8245663
5.500         -3.4529445
5.600         -3.1228298
5.700         -2.8290496
5.800         -2.5671246
5.900         -2.3331708
6.000         -2.1238159
6.500         -1.3561250
7.000         -0.8939023
8.000         -0.4200045
10.000         -0.1171970
