$molecule
0  1
C        +0.24096000        +2.07909000        +3.92961000
C        +0.64452000        +0.62068000        +4.34237000
C        -1.16374000        +2.26644000        +3.38743000
C        -0.35631000        -0.48222000        +4.06699000
O        -2.07346000        +1.82253000        +4.28332000
O        -1.45510000        +2.79360000        +2.34484000
O        -0.89538000        -0.39371000        +2.83746000
O        -0.60382000        -1.37456000        +4.84277000
C        -1.84308000        -1.41320000        +2.47806000
C        -3.45242000        +1.90913000        +3.88286000
C        +1.34834000        +2.43395000        +2.90875000
C        +2.64896000        +2.75121000        +3.67221000
C        +3.06162000        +1.32772000        +4.14666000
C        +1.96249000        +0.44122000        +3.49628000
O        +1.64666000        +1.17084000        +2.29990000
H        +0.29637000        +2.72207000        +4.81266000
H        +0.85749000        +0.55379000        +5.40774000
H        -2.66923000        -1.43256000        +3.19070000
H        -3.74250000        +2.94943000        +3.72772000
H        +3.39060000        +3.17203000        +2.99171000
H        +2.50062000        +3.45909000        +4.49017000
H        +4.04008000        +1.04415000        +3.75527000
H        +3.09185000        +1.22159000        +5.23294000
H        -2.19322000        -1.14344000        +1.48429000
H        -1.36236000        -2.39276000        +2.46270000
H        -4.02029000        +1.47044000        +4.70037000
H        -3.61294000        +1.35121000        +2.95871000
C        +2.37276000        -0.97846000        +3.17554000
H        +3.28137000        -0.97257000        +2.57000000
H        +2.56816000        -1.53638000        +4.09445000
H        +1.59161000        -1.49475000        +2.61494000
H        +1.05096000        +3.23364000        +2.26302000
@C        +0.22270000        +1.04488000        +0.58595000
@C        +0.62626000        -0.41353000        +0.99871000
@C        -1.18200000        +1.23223000        +0.04377000
@C        -0.37457000        -1.51643000        +0.72333000
@O        -2.09172000        +0.78832000        +0.93966000
@O        -1.47336000        +1.75939000        -0.99882000
@O        -0.91364000        -1.42792000        -0.50620000
@O        -0.62208000        -2.40877000        +1.49911000
@C        -1.86134000        -2.44741000        -0.86560000
@C        -3.47068000        +0.87492000        +0.53920000
@C        +1.33008000        +1.39974000        -0.43491000
@C        +2.63070000        +1.71700000        +0.32855000
@C        +3.04336000        +0.29351000        +0.80300000
@C        +1.94423000        -0.59299000        +0.15262000
@O        +1.62840000        +0.13663000        -1.04376000
@H        +0.27811000        +1.68786000        +1.46900000
@H        +0.83923000        -0.48042000        +2.06408000
@H        -2.68749000        -2.46677000        -0.15296000
@H        -3.76076000        +1.91522000        +0.38406000
@H        +3.37234000        +2.13782000        -0.35195000
@H        +2.48236000        +2.42488000        +1.14651000
@H        +4.02182000        +0.00994000        +0.41161000
@H        +3.07359000        +0.18738000        +1.88928000
@H        -2.21148000        -2.17765000        -1.85937000
@H        -1.38062000        -3.42697000        -0.88096000
@H        -4.03855000        +0.43623000        +1.35671000
@H        -3.63120000        +0.31700000        -0.38495000
@C        +2.35450000        -2.01267000        -0.16812000
@H        +3.26311000        -2.00678000        -0.77366000
@H        +2.54990000        -2.57059000        +0.75079000
@H        +1.57335000        -2.52896000        -0.72872000
@H        +1.03270000        +2.19943000        -1.08064000
$end

$rem
JOBTYPE                   SP
METHOD                    B3LYP
DFT_D                     d3_op
BASIS                     6-311++G(d,p)
SYMMETRY                  False
THRESH                    12
SCF_CONVERGENCE           8
MAX_SUB_FILE_NUM          128
MEM_STATIC                400
MEM_TOTAL                 4000
$end
