3.000       2780.2907477
3.500        977.6959672
3.700        585.6079343
3.900        323.9099979
4.000        231.3484300
4.100        158.9813327
4.200        103.2023735
4.300         60.8761815
4.400         29.3811962
4.500          6.4762655
4.600         -9.7825562
4.700        -20.9795736
4.800        -28.3040590
4.900        -32.6996429
5.000        -34.9655272
5.100        -35.6976476
5.200        -35.3471435
5.300        -34.2223010
5.400        -32.5653487
5.500        -30.5899496
5.600        -28.4342838
5.700        -26.2672758
5.800        -24.2057341
5.900        -22.2510502
6.000        -20.3534709
6.500        -13.0293268
7.000         -8.5872191
8.000         -4.1959410
10.000         -1.2775415
