3.000        104.8123293
3.500          5.1608643
3.700         -2.9195022
3.900         -6.3716131
4.000         -6.7853130
4.100         -6.5593625
4.200         -6.0172233
4.300         -5.4630592
4.400         -5.1178324
4.500         -4.9139099
4.600         -4.6216656
4.700         -4.2230099
4.800         -3.7713191
4.900         -3.3149286
5.000         -2.8847406
5.100         -2.5206102
5.200         -2.1878019
5.300         -2.0039382
5.400         -1.8512917
5.500         -1.6859641
5.600         -1.5129175
5.700         -1.3465133
5.800         -1.1901911
5.900         -1.0499107
6.000         -0.9273524
6.500         -0.5074827
7.000         -0.2688773
8.000         -0.0587324
10.000          0.0215028
