3.000       2543.0811017
3.500        852.9880802
3.700        498.7819261
3.900        267.4301880
4.000        187.0482567
4.100        124.9713558
4.200         77.7434363
4.300         42.4140149
4.400         16.5492281
4.500         -1.9035129
4.600        -14.7132955
4.700        -23.3053718
4.800        -28.7179427
4.900        -31.7484772
5.000        -33.0754831
5.100        -33.2109326
5.200        -32.5309021
5.300        -31.2596618
5.400        -29.5746429
5.500        -27.6643562
5.600        -25.6535129
5.700        -23.6817108
5.800        -21.8289225
5.900        -20.0742754
6.000        -18.3673861
6.500        -11.8842943
7.000         -7.9158265
8.000         -3.9232304
10.000         -1.2317528
