3.000       -152.7642389
3.500       -128.1388154
3.700       -116.6486542
3.900       -104.7477468
4.000        -98.5654206
4.100        -92.4356220
4.200        -86.4201034
4.300        -80.5591911
4.400        -74.8828642
4.500        -69.4130666
4.600        -64.1683412
4.700        -59.1661529
4.800        -54.4175756
4.900        -49.9279049
5.000        -45.6986332
5.100        -41.7269093
5.200        -38.0091717
5.300        -34.5414201
5.400        -31.3203221
5.500        -28.3407433
5.600        -25.5963445
5.700        -23.0807548
5.800        -20.7857632
5.900        -18.7022734
6.000        -16.8203789
6.500         -9.9704379
7.000         -6.1053122
8.000         -2.5611996
10.000         -0.6278597
