0.000  0.000     -804.9574304
0.000  0.175     -804.9576876
0.000  0.349     -804.9576579
0.000  0.524     -804.9575349
0.000  0.698     -804.9573302
0.000  0.873     -804.9572720
0.000  1.047     -804.9573034
0.000  1.222     -804.9572506
0.000  1.396     -804.9571973
0.000  1.571     -804.9572270
0.000  1.745     -804.9573897
0.000  1.920     -804.9577450
0.000  2.094     -804.9583145
0.000  2.269     -804.9588804
0.000  2.443     -804.9592098
0.000  2.618     -804.9591111
0.000  2.793     -804.9586840
0.000  2.967     -804.9584743
0.000  3.142     -804.9583548
0.000  3.316     -804.9581038
0.000  3.491     -804.9578105
0.000  3.665     -804.9578112
0.000  3.840     -804.9581855
0.000  4.014     -804.9586624
0.000  4.189     -804.9591612
0.000  4.363     -804.9595401
0.000  4.538     -804.9596075
0.000  4.712     -804.9595546
0.000  4.887     -804.9593914
0.000  5.061     -804.9591498
0.000  5.236     -804.9589563
0.000  5.411     -804.9588651
0.000  5.585     -804.9587627
0.000  5.760     -804.9587003
0.000  5.934     -804.9585355
0.000  6.109     -804.9580829
0.175  0.000     -804.9591652
0.175  0.175     -804.9598860
0.175  0.349     -804.9598875
0.175  0.524     -804.9594771
0.175  0.698     -804.9589118
0.175  0.873     -804.9582672
0.175  1.047     -804.9577337
0.175  1.222     -804.9572137
0.175  1.396     -804.9567326
0.175  1.571     -804.9564272
0.175  1.745     -804.9562970
0.175  1.920     -804.9563876
0.175  2.094     -804.9567363
0.175  2.269     -804.9573020
0.175  2.443     -804.9579024
0.175  2.618     -804.9583008
0.175  2.793     -804.9589450
0.175  2.967     -804.9597265
0.175  3.142     -804.9600261
0.175  3.316     -804.9600642
0.175  3.491     -804.9598374
0.175  3.665     -804.9595868
0.175  3.840     -804.9595064
0.175  4.014     -804.9595085
0.175  4.189     -804.9596963
0.175  4.363     -804.9595239
0.175  4.538     -804.9594481
0.175  4.712     -804.9591644
0.175  4.887     -804.9586171
0.175  5.061     -804.9580180
0.175  5.236     -804.9575636
0.175  5.411     -804.9573710
0.175  5.585     -804.9572727
0.175  5.760     -804.9573547
0.175  5.934     -804.9575941
0.175  6.109     -804.9579248
0.349  0.000     -804.9601814
0.349  0.175     -804.9613499
0.349  0.349     -804.9615921
0.349  0.524     -804.9610863
0.349  0.698     -804.9602653
0.349  0.873     -804.9592521
0.349  1.047     -804.9582709
0.349  1.222     -804.9573393
0.349  1.396     -804.9564622
0.349  1.571     -804.9557243
0.349  1.745     -804.9552352
0.349  1.920     -804.9549983
0.349  2.094     -804.9551368
0.349  2.269     -804.9556474
0.349  2.443     -804.9565447
0.349  2.618     -804.9576877
0.349  2.793     -804.9591197
0.349  2.967     -804.9604110
0.349  3.142     -804.9609844
0.349  3.316     -804.9611487
0.349  3.491     -804.9610868
0.349  3.665     -804.9607629
0.349  3.840     -804.9604300
0.349  4.014     -804.9602273
0.349  4.189     -804.9600290
0.349  4.363     -804.9599510
0.349  4.538     -804.9594283
0.349  4.712     -804.9585051
0.349  4.887     -804.9574440
0.349  5.061     -804.9564752
0.349  5.236     -804.9556832
0.349  5.411     -804.9554521
0.349  5.585     -804.9554371
0.349  5.760     -804.9559730
0.349  5.934     -804.9567894
0.349  6.109     -804.9583379
0.524  0.000     -804.9607496
0.524  0.175     -804.9621858
0.524  0.349     -804.9626871
0.524  0.524     -804.9622939
0.524  0.698     -804.9613584
0.524  0.873     -804.9600866
0.524  1.047     -804.9587277
0.524  1.222     -804.9574150
0.524  1.396     -804.9561177
0.524  1.571     -804.9549043
0.524  1.745     -804.9540500
0.524  1.920     -804.9535519
0.524  2.094     -804.9536068
0.524  2.269     -804.9544289
0.524  2.443     -804.9557370
0.524  2.618     -804.9573610
0.524  2.793     -804.9590703
0.524  2.967     -804.9605715
0.524  3.142     -804.9613860
0.524  3.316     -804.9616473
0.524  3.491     -804.9617311
0.524  3.665     -804.9614762
0.524  3.840     -804.9610258
0.524  4.014     -804.9608535
0.524  4.189     -804.9604833
0.524  4.363     -804.9596202
0.524  4.538     -804.9587611
0.524  4.712     -804.9574878
0.524  4.887     -804.9560067
0.524  5.061     -804.9547288
0.524  5.236     -804.9539155
0.524  5.411     -804.9537141
0.524  5.585     -804.9540853
0.524  5.760     -804.9551133
0.524  5.934     -804.9565900
0.524  6.109     -804.9586599
0.698  0.000     -804.9611798
0.698  0.175     -804.9627259
0.698  0.349     -804.9633246
0.698  0.524     -804.9630312
0.698  0.698     -804.9620188
0.698  0.873     -804.9605600
0.698  1.047     -804.9588945
0.698  1.222     -804.9572299
0.698  1.396     -804.9555805
0.698  1.571     -804.9540418
0.698  1.745     -804.9528334
0.698  1.920     -804.9521226
0.698  2.094     -804.9521717
0.698  2.269     -804.9535683
0.698  2.443     -804.9552053
0.698  2.618     -804.9570368
0.698  2.793     -804.9589193
0.698  2.967     -804.9605658
0.698  3.142     -804.9614942
0.698  3.316     -804.9618505
0.698  3.491     -804.9620321
0.698  3.665     -804.9616512
0.698  3.840     -804.9614544
0.698  4.014     -804.9611386
0.698  4.189     -804.9604450
0.698  4.363     -804.9595691
0.698  4.538     -804.9582639
0.698  4.712     -804.9565395
0.698  4.887     -804.9547315
0.698  5.061     -804.9531528
0.698  5.236     -804.9522110
0.698  5.411     -804.9523720
0.698  5.585     -804.9532554
0.698  5.760     -804.9547959
0.698  5.934     -804.9566671
0.698  6.109     -804.9589848
0.873  0.000     -804.9615638
0.873  0.175     -804.9631186
0.873  0.349     -804.9638180
0.873  0.524     -804.9635599
0.873  0.698     -804.9624619
0.873  0.873     -804.9608433
0.873  1.047     -804.9589362
0.873  1.222     -804.9569724
0.873  1.396     -804.9550424
0.873  1.571     -804.9532691
0.873  1.745     -804.9517994
0.873  1.920     -804.9508736
0.873  2.094     -804.9513688
0.873  2.269     -804.9531499
0.873  2.443     -804.9550538
0.873  2.618     -804.9570646
0.873  2.793     -804.9589952
0.873  2.967     -804.9606359
0.873  3.142     -804.9616568
0.873  3.316     -804.9622514
0.873  3.491     -804.9622671
0.873  3.665     -804.9619255
0.873  3.840     -804.9616511
0.873  4.014     -804.9611153
0.873  4.189     -804.9603199
0.873  4.363     -804.9590906
0.873  4.538     -804.9574811
0.873  4.712     -804.9555038
0.873  4.887     -804.9534527
0.873  5.061     -804.9517090
0.873  5.236     -804.9508899
0.873  5.411     -804.9515294
0.873  5.585     -804.9530710
0.873  5.760     -804.9548493
0.873  5.934     -804.9569034
0.873  6.109     -804.9593349
1.047  0.000     -804.9619995
1.047  0.175     -804.9634450
1.047  0.349     -804.9640612
1.047  0.524     -804.9638492
1.047  0.698     -804.9627258
1.047  0.873     -804.9609663
1.047  1.047     -804.9588809
1.047  1.222     -804.9566512
1.047  1.396     -804.9544674
1.047  1.571     -804.9525247
1.047  1.745     -804.9508914
1.047  1.920     -804.9498734
1.047  2.094     -804.9513915
1.047  2.269     -804.9532709
1.047  2.443     -804.9552660
1.047  2.618     -804.9573777
1.047  2.793     -804.9592894
1.047  2.967     -804.9609413
1.047  3.142     -804.9621053
1.047  3.316     -804.9625476
1.047  3.491     -804.9626279
1.047  3.665     -804.9621784
1.047  3.840     -804.9617712
1.047  4.014     -804.9611325
1.047  4.189     -804.9601561
1.047  4.363     -804.9586337
1.047  4.538     -804.9567514
1.047  4.712     -804.9545700
1.047  4.887     -804.9523339
1.047  5.061     -804.9504418
1.047  5.236     -804.9500762
1.047  5.411     -804.9516457
1.047  5.585     -804.9531092
1.047  5.760     -804.9552466
1.047  5.934     -804.9575169
1.047  6.109     -804.9598117
1.222  0.000     -804.9624710
1.222  0.175     -804.9637294
1.222  0.349     -804.9642961
1.222  0.524     -804.9640447
1.222  0.698     -804.9628303
1.222  0.873     -804.9609382
1.222  1.047     -804.9585932
1.222  1.222     -804.9561036
1.222  1.396     -804.9536943
1.222  1.571     -804.9515186
1.222  1.745     -804.9496864
1.222  1.920     -804.9500901
1.222  2.094     -804.9521086
1.222  2.269     -804.9542195
1.222  2.443     -804.9561136
1.222  2.618     -804.9579605
1.222  2.793     -804.9597017
1.222  2.967     -804.9610277
1.222  3.142     -804.9621853
1.222  3.316     -804.9624979
1.222  3.491     -804.9625312
1.222  3.665     -804.9622627
1.222  3.840     -804.9617050
1.222  4.014     -804.9609160
1.222  4.189     -804.9596679
1.222  4.363     -804.9579981
1.222  4.538     -804.9558840
1.222  4.712     -804.9535364
1.222  4.887     -804.9511154
1.222  5.061     -804.9496202
1.222  5.236     -804.9507521
1.222  5.411     -804.9524087
1.222  5.585     -804.9539328
1.222  5.760     -804.9558952
1.222  5.934     -804.9582642
1.222  6.109     -804.9605178
1.396  0.000     -804.9624969
1.396  0.175     -804.9636990
1.396  0.349     -804.9641553
1.396  0.524     -804.9637688
1.396  0.698     -804.9624180
1.396  0.873     -804.9603290
1.396  1.047     -804.9577532
1.396  1.222     -804.9549926
1.396  1.396     -804.9524009
1.396  1.571     -804.9499201
1.396  1.745     -804.9478759
1.396  1.920     -804.9517246
1.396  2.094     -804.9536818
1.396  2.269     -804.9553852
1.396  2.443     -804.9568581
1.396  2.618     -804.9585940
1.396  2.793     -804.9598294
1.396  2.967     -804.9609465
1.396  3.142     -804.9616259
1.396  3.316     -804.9620884
1.396  3.491     -804.9620894
1.396  3.665     -804.9616739
1.396  3.840     -804.9610261
1.396  4.014     -804.9600585
1.396  4.189     -804.9586349
1.396  4.363     -804.9567728
1.396  4.538     -804.9545013
1.396  4.712     -804.9519674
1.396  4.887     -804.9493495
1.396  5.061     -804.9510157
1.396  5.236     -804.9520971
1.396  5.411     -804.9534863
1.396  5.585     -804.9551309
1.396  5.760     -804.9567546
1.396  5.934     -804.9588747
1.396  6.109     -804.9608296
1.571  0.000     -804.9616196
1.571  0.175     -804.9625602
1.571  0.349     -804.9627882
1.571  0.524     -804.9622386
1.571  0.698     -804.9608961
1.571  0.873     -804.9587951
1.571  1.047     -804.9560322
1.571  1.222     -804.9529845
1.571  1.396     -804.9500099
1.571  1.571     -804.9475886
1.571  1.745     -804.9517712
1.571  1.920     -804.9534691
1.571  2.094     -804.9551249
1.571  2.269     -804.9563019
1.571  2.443     -804.9576335
1.571  2.618     -804.9588478
1.571  2.793     -804.9597892
1.571  2.967     -804.9602823
1.571  3.142     -804.9606836
1.571  3.316     -804.9608591
1.571  3.491     -804.9606654
1.571  3.665     -804.9602046
1.571  3.840     -804.9594093
1.571  4.014     -804.9581910
1.571  4.189     -804.9566068
1.571  4.363     -804.9546369
1.571  4.538     -804.9522276
1.571  4.712     -804.9494767
1.571  4.887     -804.9517324
1.571  5.061     -804.9527387
1.571  5.236     -804.9535945
1.571  5.411     -804.9547208
1.571  5.585     -804.9561061
1.571  5.760     -804.9574856
1.571  5.934     -804.9591177
1.571  6.109     -804.9604223
1.745  0.000     -804.9602837
1.745  0.175     -804.9608427
1.745  0.349     -804.9608537
1.745  0.524     -804.9601149
1.745  0.698     -804.9584997
1.745  0.873     -804.9560695
1.745  1.047     -804.9530126
1.745  1.222     -804.9497902
1.745  1.396     -804.9467236
1.745  1.571     -804.9517983
1.745  1.745     -804.9535426
1.745  1.920     -804.9548181
1.745  2.094     -804.9560040
1.745  2.269     -804.9571776
1.745  2.443     -804.9577686
1.745  2.618     -804.9583355
1.745  2.793     -804.9587063
1.745  2.967     -804.9588595
1.745  3.142     -804.9589015
1.745  3.316     -804.9587511
1.745  3.491     -804.9584247
1.745  3.665     -804.9578216
1.745  3.840     -804.9567560
1.745  4.014     -804.9553553
1.745  4.189     -804.9536348
1.745  4.363     -804.9514808
1.745  4.538     -804.9488267
1.745  4.712     -804.9522985
1.745  4.887     -804.9535233
1.745  5.061     -804.9542489
1.745  5.236     -804.9548239
1.745  5.411     -804.9557511
1.745  5.585     -804.9566513
1.745  5.760     -804.9576518
1.745  5.934     -804.9586927
1.745  6.109     -804.9594757
1.920  0.000     -804.9584008
1.920  0.175     -804.9584407
1.920  0.349     -804.9581166
1.920  0.524     -804.9570820
1.920  0.698     -804.9551649
1.920  0.873     -804.9524868
1.920  1.047     -804.9492640
1.920  1.222     -804.9457912
1.920  1.396     -804.9514016
1.920  1.571     -804.9532215
1.920  1.745     -804.9546996
1.920  1.920     -804.9557645
1.920  2.094     -804.9564468
1.920  2.269     -804.9573364
1.920  2.443     -804.9574101
1.920  2.618     -804.9576928
1.920  2.793     -804.9572754
1.920  2.967     -804.9570887
1.920  3.142     -804.9566947
1.920  3.316     -804.9562569
1.920  3.491     -804.9555953
1.920  3.665     -804.9546726
1.920  3.840     -804.9533626
1.920  4.014     -804.9516782
1.920  4.189     -804.9496871
1.920  4.363     -804.9473119
1.920  4.538     -804.9523268
1.920  4.712     -804.9539222
1.920  4.887     -804.9549328
1.920  5.061     -804.9553661
1.920  5.236     -804.9557075
1.920  5.411     -804.9563348
1.920  5.585     -804.9567362
1.920  5.760     -804.9572998
1.920  5.934     -804.9577205
1.920  6.109     -804.9580862
2.094  0.000     -804.9564346
2.094  0.175     -804.9561688
2.094  0.349     -804.9553163
2.094  0.524     -804.9538027
2.094  0.698     -804.9514463
2.094  0.873     -804.9483759
2.094  1.047     -804.9447975
2.094  1.222     -804.9505490
2.094  1.396     -804.9523873
2.094  1.571     -804.9540376
2.094  1.745     -804.9552680
2.094  1.920     -804.9562022
2.094  2.094     -804.9567777
2.094  2.269     -804.9570070
2.094  2.443     -804.9571684
2.094  2.618     -804.9567578
2.094  2.793     -804.9560708
2.094  2.967     -804.9552197
2.094  3.142     -804.9545458
2.094  3.316     -804.9535618
2.094  3.491     -804.9524498
2.094  3.665     -804.9511483
2.094  3.840     -804.9494135
2.094  4.014     -804.9474407
2.094  4.189     -804.9451618
2.094  4.363     -804.9516974
2.094  4.538     -804.9537890
2.094  4.712     -804.9551718
2.094  4.887     -804.9558874
2.094  5.061     -804.9561537
2.094  5.236     -804.9563162
2.094  5.411     -804.9564205
2.094  5.585     -804.9565907
2.094  5.760     -804.9566511
2.094  5.934     -804.9565820
2.094  6.109     -804.9565229
2.269  0.000     -804.9547110
2.269  0.175     -804.9539772
2.269  0.349     -804.9526085
2.269  0.524     -804.9504954
2.269  0.698     -804.9475871
2.269  0.873     -804.9440391
2.269  1.047     -804.9492229
2.269  1.222     -804.9513516
2.269  1.396     -804.9531370
2.269  1.571     -804.9544645
2.269  1.745     -804.9555038
2.269  1.920     -804.9563080
2.269  2.094     -804.9567765
2.269  2.269     -804.9567814
2.269  2.443     -804.9566651
2.269  2.618     -804.9558558
2.269  2.793     -804.9550647
2.269  2.967     -804.9537087
2.269  3.142     -804.9523209
2.269  3.316     -804.9509949
2.269  3.491     -804.9494358
2.269  3.665     -804.9476805
2.269  3.840     -804.9454997
2.269  4.014     -804.9431710
2.269  4.189     -804.9506025
2.269  4.363     -804.9530716
2.269  4.538     -804.9549659
2.269  4.712     -804.9560450
2.269  4.887     -804.9564444
2.269  5.061     -804.9566585
2.269  5.236     -804.9564999
2.269  5.411     -804.9565562
2.269  5.585     -804.9564206
2.269  5.760     -804.9560841
2.269  5.934     -804.9558696
2.269  6.109     -804.9553099
2.443  0.000     -804.9537021
2.443  0.175     -804.9523444
2.443  0.349     -804.9503290
2.443  0.524     -804.9477816
2.443  0.698     -804.9468082
2.443  0.873     -804.9485826
2.443  1.047     -804.9503364
2.443  1.222     -804.9521079
2.443  1.396     -804.9536171
2.443  1.571     -804.9547808
2.443  1.745     -804.9556850
2.443  1.920     -804.9563558
2.443  2.094     -804.9566825
2.443  2.269     -804.9566470
2.443  2.443     -804.9564324
2.443  2.618     -804.9557467
2.443  2.793     -804.9542203
2.443  2.967     -804.9527893
2.443  3.142     -804.9509262
2.443  3.316     -804.9490545
2.443  3.491     -804.9468547
2.443  3.665     -804.9447742
2.443  3.840     -804.9468717
2.443  4.014     -804.9492548
2.443  4.189     -804.9519539
2.443  4.363     -804.9542764
2.443  4.538     -804.9558227
2.443  4.712     -804.9565356
2.443  4.887     -804.9570056
2.443  5.061     -804.9568476
2.443  5.236     -804.9566888
2.443  5.411     -804.9565903
2.443  5.585     -804.9561697
2.443  5.760     -804.9559570
2.443  5.934     -804.9555007
2.443  6.109     -804.9545872
2.618  0.000     -804.9535487
2.618  0.175     -804.9515796
2.618  0.349     -804.9489548
2.618  0.524     -804.9473327
2.618  0.698     -804.9486018
2.618  0.873     -804.9499073
2.618  1.047     -804.9513927
2.618  1.222     -804.9528778
2.618  1.396     -804.9541023
2.618  1.571     -804.9551048
2.618  1.745     -804.9558563
2.618  1.920     -804.9563556
2.618  2.094     -804.9566445
2.618  2.269     -804.9567065
2.618  2.443     -804.9564548
2.618  2.618     -804.9556853
2.618  2.793     -804.9542570
2.618  2.967     -804.9523328
2.618  3.142     -804.9502612
2.618  3.316     -804.9478493
2.618  3.491     -804.9456581
2.618  3.665     -804.9464634
2.618  3.840     -804.9484329
2.618  4.014     -804.9509978
2.618  4.189     -804.9533742
2.618  4.363     -804.9552732
2.618  4.538     -804.9563748
2.618  4.712     -804.9570909
2.618  4.887     -804.9572695
2.618  5.061     -804.9570623
2.618  5.236     -804.9570160
2.618  5.411     -804.9565430
2.618  5.585     -804.9562947
2.618  5.760     -804.9561172
2.618  5.934     -804.9555885
2.618  6.109     -804.9548040
2.793  0.000     -804.9540842
2.793  0.175     -804.9519298
2.793  0.349     -804.9491838
2.793  0.524     -804.9494506
2.793  0.698     -804.9503803
2.793  0.873     -804.9513098
2.793  1.047     -804.9522538
2.793  1.222     -804.9534706
2.793  1.396     -804.9544138
2.793  1.571     -804.9551977
2.793  1.745     -804.9557653
2.793  1.920     -804.9561987
2.793  2.094     -804.9565956
2.793  2.269     -804.9568764
2.793  2.443     -804.9567495
2.793  2.618     -804.9560898
2.793  2.793     -804.9547587
2.793  2.967     -804.9527635
2.793  3.142     -804.9504391
2.793  3.316     -804.9479926
2.793  3.491     -804.9473605
2.793  3.665     -804.9485463
2.793  3.840     -804.9505966
2.793  4.014     -804.9523061
2.793  4.189     -804.9543246
2.793  4.363     -804.9557553
2.793  4.538     -804.9569757
2.793  4.712     -804.9574741
2.793  4.887     -804.9573610
2.793  5.061     -804.9575160
2.793  5.236     -804.9571430
2.793  5.411     -804.9569080
2.793  5.585     -804.9568485
2.793  5.760     -804.9567000
2.793  5.934     -804.9564106
2.793  6.109     -804.9555709
2.967  0.000     -804.9552597
2.967  0.175     -804.9531615
2.967  0.349     -804.9505668
2.967  0.524     -804.9516356
2.967  0.698     -804.9522084
2.967  0.873     -804.9528063
2.967  1.047     -804.9532756
2.967  1.222     -804.9537940
2.967  1.396     -804.9544385
2.967  1.571     -804.9548731
2.967  1.745     -804.9553019
2.967  1.920     -804.9558842
2.967  2.094     -804.9564761
2.967  2.269     -804.9570042
2.967  2.443     -804.9571744
2.967  2.618     -804.9567232
2.967  2.793     -804.9554948
2.967  2.967     -804.9535902
2.967  3.142     -804.9512558
2.967  3.316     -804.9496927
2.967  3.491     -804.9497336
2.967  3.665     -804.9508675
2.967  3.840     -804.9524509
2.967  4.014     -804.9541285
2.967  4.189     -804.9555394
2.967  4.363     -804.9566979
2.967  4.538     -804.9573483
2.967  4.712     -804.9574523
2.967  4.887     -804.9576824
2.967  5.061     -804.9576844
2.967  5.236     -804.9574437
2.967  5.411     -804.9575878
2.967  5.585     -804.9575167
2.967  5.760     -804.9576087
2.967  5.934     -804.9575309
2.967  6.109     -804.9567412
3.142  0.000     -804.9566847
3.142  0.175     -804.9548792
3.142  0.349     -804.9539529
3.142  0.524     -804.9540257
3.142  0.698     -804.9541335
3.142  0.873     -804.9542314
3.142  1.047     -804.9543058
3.142  1.222     -804.9543289
3.142  1.396     -804.9544122
3.142  1.571     -804.9545687
3.142  1.745     -804.9549177
3.142  1.920     -804.9554736
3.142  2.094     -804.9561950
3.142  2.269     -804.9569764
3.142  2.443     -804.9574044
3.142  2.618     -804.9571981
3.142  2.793     -804.9561832
3.142  2.967     -804.9544959
3.142  3.142     -804.9525890
3.142  3.316     -804.9525010
3.142  3.491     -804.9526516
3.142  3.665     -804.9532005
3.142  3.840     -804.9545187
3.142  4.014     -804.9553464
3.142  4.189     -804.9562829
3.142  4.363     -804.9570413
3.142  4.538     -804.9575086
3.142  4.712     -804.9576237
3.142  4.887     -804.9578110
3.142  5.061     -804.9578470
3.142  5.236     -804.9578501
3.142  5.411     -804.9579453
3.142  5.585     -804.9581449
3.142  5.760     -804.9584499
3.142  5.934     -804.9584881
3.142  6.109     -804.9578903
3.316  0.000     -804.9579568
3.316  0.175     -804.9568289
3.316  0.349     -804.9568892
3.316  0.524     -804.9567344
3.316  0.698     -804.9563245
3.316  0.873     -804.9558933
3.316  1.047     -804.9555325
3.316  1.222     -804.9552399
3.316  1.396     -804.9549272
3.316  1.571     -804.9547653
3.316  1.745     -804.9548443
3.316  1.920     -804.9551727
3.316  2.094     -804.9557834
3.316  2.269     -804.9564843
3.316  2.443     -804.9570234
3.316  2.618     -804.9571456
3.316  2.793     -804.9566093
3.316  2.967     -804.9555283
3.316  3.142     -804.9551039
3.316  3.316     -804.9554616
3.316  3.491     -804.9556724
3.316  3.665     -804.9557570
3.316  3.840     -804.9565550
3.316  4.014     -804.9570414
3.316  4.189     -804.9573434
3.316  4.363     -804.9577149
3.316  4.538     -804.9580944
3.316  4.712     -804.9582220
3.316  4.887     -804.9580942
3.316  5.061     -804.9579293
3.316  5.236     -804.9578224
3.316  5.411     -804.9579030
3.316  5.585     -804.9582286
3.316  5.760     -804.9587306
3.316  5.934     -804.9589630
3.316  6.109     -804.9586604
3.491  0.000     -804.9591147
3.491  0.175     -804.9595102
3.491  0.349     -804.9597635
3.491  0.524     -804.9595104
3.491  0.698     -804.9589175
3.491  0.873     -804.9581392
3.491  1.047     -804.9573130
3.491  1.222     -804.9565688
3.491  1.396     -804.9558592
3.491  1.571     -804.9552988
3.491  1.745     -804.9550026
3.491  1.920     -804.9549243
3.491  2.094     -804.9551301
3.491  2.269     -804.9555713
3.491  2.443     -804.9560760
3.491  2.618     -804.9565136
3.491  2.793     -804.9567252
3.491  2.967     -804.9571470
3.491  3.142     -804.9577559
3.491  3.316     -804.9582083
3.491  3.491     -804.9584174
3.491  3.665     -804.9582486
3.491  3.840     -804.9585365
3.491  4.014     -804.9589232
3.491  4.189     -804.9590077
3.491  4.363     -804.9590593
3.491  4.538     -804.9590665
3.491  4.712     -804.9587513
3.491  4.887     -804.9581738
3.491  5.061     -804.9576255
3.491  5.236     -804.9572764
3.491  5.411     -804.9572795
3.491  5.585     -804.9575626
3.491  5.760     -804.9581538
3.491  5.934     -804.9586931
3.491  6.109     -804.9588846
3.665  0.000     -804.9604322
3.665  0.175     -804.9615711
3.665  0.349     -804.9621364
3.665  0.524     -804.9619472
3.665  0.698     -804.9612125
3.665  0.873     -804.9601884
3.665  1.047     -804.9589905
3.665  1.222     -804.9577245
3.665  1.396     -804.9565952
3.665  1.571     -804.9555248
3.665  1.745     -804.9546866
3.665  1.920     -804.9541700
3.665  2.094     -804.9539825
3.665  2.269     -804.9542028
3.665  2.443     -804.9547607
3.665  2.618     -804.9556640
3.665  2.793     -804.9570910
3.665  2.967     -804.9586177
3.665  3.142     -804.9597035
3.665  3.316     -804.9602943
3.665  3.491     -804.9605076
3.665  3.665     -804.9605114
3.665  3.840     -804.9604654
3.665  4.014     -804.9604360
3.665  4.189     -804.9602933
3.665  4.363     -804.9600519
3.665  4.538     -804.9597254
3.665  4.712     -804.9588824
3.665  4.887     -804.9578030
3.665  5.061     -804.9568902
3.665  5.236     -804.9561993
3.665  5.411     -804.9560410
3.665  5.585     -804.9563938
3.665  5.760     -804.9570697
3.665  5.934     -804.9579914
3.665  6.109     -804.9589928
3.840  0.000     -804.9613793
3.840  0.175     -804.9628985
3.840  0.349     -804.9636824
3.840  0.524     -804.9635939
3.840  0.698     -804.9627349
3.840  0.873     -804.9614990
3.840  1.047     -804.9600198
3.840  1.222     -804.9583130
3.840  1.396     -804.9566931
3.840  1.571     -804.9551757
3.840  1.745     -804.9538118
3.840  1.920     -804.9528960
3.840  2.094     -804.9523691
3.840  2.269     -804.9524344
3.840  2.443     -804.9532123
3.840  2.618     -804.9554422
3.840  2.793     -804.9573862
3.840  2.967     -804.9592410
3.840  3.142     -804.9606358
3.840  3.316     -804.9614061
3.840  3.491     -804.9617296
3.840  3.665     -804.9618901
3.840  3.840     -804.9617810
3.840  4.014     -804.9614993
3.840  4.189     -804.9610376
3.840  4.363     -804.9604607
3.840  4.538     -804.9597224
3.840  4.712     -804.9583974
3.840  4.887     -804.9568665
3.840  5.061     -804.9555618
3.840  5.236     -804.9547126
3.840  5.411     -804.9543330
3.840  5.585     -804.9548762
3.840  5.760     -804.9560306
3.840  5.934     -804.9575034
3.840  6.109     -804.9593175
4.014  0.000     -804.9616815
4.014  0.175     -804.9634104
4.014  0.349     -804.9643442
4.014  0.524     -804.9643088
4.014  0.698     -804.9633836
4.014  0.873     -804.9619748
4.014  1.047     -804.9602200
4.014  1.222     -804.9581892
4.014  1.396     -804.9561627
4.014  1.571     -804.9542853
4.014  1.745     -804.9525227
4.014  1.920     -804.9511981
4.014  2.094     -804.9504319
4.014  2.269     -804.9510284
4.014  2.443     -804.9532116
4.014  2.618     -804.9553864
4.014  2.793     -804.9574258
4.014  2.967     -804.9592871
4.014  3.142     -804.9607440
4.014  3.316     -804.9616918
4.014  3.491     -804.9622043
4.014  3.665     -804.9623986
4.014  3.840     -804.9622162
4.014  4.014     -804.9617715
4.014  4.189     -804.9610585
4.014  4.363     -804.9602104
4.014  4.538     -804.9591743
4.014  4.712     -804.9574157
4.014  4.887     -804.9554935
4.014  5.061     -804.9538221
4.014  5.236     -804.9528693
4.014  5.411     -804.9525345
4.014  5.585     -804.9538085
4.014  5.760     -804.9554665
4.014  5.934     -804.9572781
4.014  6.109     -804.9594582
4.189  0.000     -804.9615105
4.189  0.175     -804.9632412
4.189  0.349     -804.9642350
4.189  0.524     -804.9642547
4.189  0.698     -804.9633571
4.189  0.873     -804.9618240
4.189  1.047     -804.9597932
4.189  1.222     -804.9575069
4.189  1.396     -804.9551404
4.189  1.571     -804.9529235
4.189  1.745     -804.9508786
4.189  1.920     -804.9492717
4.189  2.094     -804.9471069
4.189  2.269     -804.9509975
4.189  2.443     -804.9531610
4.189  2.618     -804.9553268
4.189  2.793     -804.9573254
4.189  2.967     -804.9590616
4.189  3.142     -804.9603997
4.189  3.316     -804.9614026
4.189  3.491     -804.9619985
4.189  3.665     -804.9621121
4.189  3.840     -804.9618516
4.189  4.014     -804.9612110
4.189  4.189     -804.9603413
4.189  4.363     -804.9593581
4.189  4.538     -804.9580387
4.189  4.712     -804.9559707
4.189  4.887     -804.9537753
4.189  5.061     -804.9518023
4.189  5.236     -804.9507012
4.189  5.411     -804.9514825
4.189  5.585     -804.9533257
4.189  5.760     -804.9552172
4.189  5.934     -804.9571560
4.189  6.109     -804.9593137
4.363  0.000     -804.9609278
4.363  0.175     -804.9625348
4.363  0.349     -804.9635166
4.363  0.524     -804.9635425
4.363  0.698     -804.9626418
4.363  0.873     -804.9610246
4.363  1.047     -804.9588056
4.363  1.222     -804.9562986
4.363  1.396     -804.9536449
4.363  1.571     -804.9511386
4.363  1.745     -804.9489025
4.363  1.920     -804.9471390
4.363  2.094     -804.9496778
4.363  2.269     -804.9514981
4.363  2.443     -804.9534569
4.363  2.618     -804.9554230
4.363  2.793     -804.9571785
4.363  2.967     -804.9586240
4.363  3.124     -804.9597399
4.363  3.316     -804.9607421
4.363  3.491     -804.9612159
4.363  3.665     -804.9612011
4.363  3.840     -804.9608567
4.363  4.014     -804.9601470
4.363  4.189     -804.9592077
4.363  4.363     -804.9580318
4.363  4.538     -804.9563823
4.363  4.712     -804.9541481
4.363  4.887     -804.9517914
4.363  5.061     -804.9496446
4.363  5.236     -804.9503785
4.363  5.411     -804.9515154
4.363  5.585     -804.9531362
4.363  5.760     -804.9550816
4.363  5.934     -804.9570919
4.363  6.109     -804.9590347
4.538  0.000     -804.9600984
4.538  0.175     -804.9615367
4.538  0.349     -804.9623982
4.538  0.524     -804.9623388
4.538  0.698     -804.9613622
4.538  0.873     -804.9596188
4.538  1.047     -804.9572099
4.538  1.222     -804.9545067
4.538  1.396     -804.9516603
4.538  1.571     -804.9489328
4.538  1.745     -804.9465571
4.538  1.920     -804.9491160
4.538  2.094     -804.9508565
4.538  2.269     -804.9524804
4.538  2.443     -804.9541016
4.538  2.618     -804.9556851
4.538  2.793     -804.9570257
4.538  2.967     -804.9580232
4.538  3.142     -804.9588826
4.538  3.316     -804.9597007
4.538  3.491     -804.9600198
4.538  3.665     -804.9599464
4.538  3.840     -804.9594117
4.538  4.014     -804.9586100
4.538  4.189     -804.9576641
4.538  4.363     -804.9561891
4.538  4.538     -804.9543024
4.538  4.712     -804.9520227
4.538  4.887     -804.9494056
4.538  5.061     -804.9496349
4.538  5.236     -804.9509085
4.538  5.411     -804.9519081
4.538  5.585     -804.9533251
4.538  5.760     -804.9550544
4.538  5.934     -804.9568876
4.538  6.109     -804.9585848
4.712  0.000     -804.9592160
4.712  0.175     -804.9603278
4.712  0.349     -804.9609863
4.712  0.524     -804.9607637
4.712  0.698     -804.9596029
4.712  0.873     -804.9576627
4.712  1.047     -804.9550546
4.712  1.222     -804.9521398
4.712  1.396     -804.9491130
4.712  1.571     -804.9461729
4.712  1.745     -804.9492286
4.712  1.920     -804.9508440
4.712  2.094     -804.9523608
4.712  2.269     -804.9536759
4.712  2.443     -804.9549216
4.712  2.618     -804.9560258
4.712  2.793     -804.9568468
4.712  2.967     -804.9573272
4.712  3.142     -804.9578273
4.712  3.316     -804.9583452
4.712  3.491     -804.9585571
4.712  3.665     -804.9583031
4.712  3.840     -804.9575669
4.712  4.014     -804.9566963
4.712  4.189     -804.9555009
4.712  4.363     -804.9538554
4.712  4.538     -804.9518669
4.712  4.712     -804.9493407
4.712  4.887     -804.9500198
4.712  5.061     -804.9509754
4.712  5.236     -804.9517692
4.712  5.411     -804.9526377
4.712  5.585     -804.9538096
4.712  5.760     -804.9552233
4.712  5.934     -804.9566819
4.712  6.109     -804.9579970
4.887  0.000     -804.9582295
4.887  0.175     -804.9589599
4.887  0.349     -804.9592744
4.887  0.524     -804.9587518
4.887  0.698     -804.9573057
4.887  0.873     -804.9551134
4.887  1.047     -804.9522802
4.887  1.222     -804.9491050
4.887  1.396     -804.9458956
4.887  1.571     -804.9497834
4.887  1.745     -804.9513868
4.887  1.920     -804.9527852
4.887  2.094     -804.9539992
4.887  2.269     -804.9549340
4.887  2.443     -804.9557753
4.887  2.618     -804.9563676
4.887  2.793     -804.9565927
4.887  2.967     -804.9565458
4.887  3.142     -804.9566124
4.887  3.316     -804.9567403
4.887  3.491     -804.9566903
4.887  3.665     -804.9561602
4.887  3.840     -804.9553900
4.887  4.014     -804.9543113
4.887  4.189     -804.9528083
4.887  4.363     -804.9510532
4.887  4.538     -804.9488851
4.887  4.712     -804.9507675
4.887  4.887     -804.9518074
4.887  5.061     -804.9526071
4.887  5.236     -804.9532036
4.887  5.411     -804.9537116
4.887  5.585     -804.9545064
4.887  5.760     -804.9554726
4.887  5.934     -804.9564289
4.887  6.109     -804.9573295
5.061  0.000     -804.9571081
5.061  0.175     -804.9573873
5.061  0.349     -804.9571688
5.061  0.524     -804.9561727
5.061  0.698     -804.9543705
5.061  0.873     -804.9518780
5.061  1.047     -804.9488268
5.061  1.222     -804.9454782
5.061  1.396     -804.9503256
5.061  1.571     -804.9521703
5.061  1.745     -804.9535842
5.061  1.920     -804.9547496
5.061  2.094     -804.9556222
5.061  2.269     -804.9561518
5.061  2.443     -804.9565546
5.061  2.618     -804.9566579
5.061  2.793     -804.9563490
5.061  2.967     -804.9558036
5.061  3.142     -804.9553465
5.061  3.316     -804.9549888
5.061  3.491     -804.9545105
5.061  3.665     -804.9536212
5.061  3.840     -804.9526878
5.061  4.014     -804.9514579
5.061  4.189     -804.9496632
5.061  4.363     -804.9477484
5.061  4.538     -804.9515724
5.061  4.712     -804.9529718
5.061  4.887     -804.9538538
5.061  5.061     -804.9543391
5.061  5.236     -804.9546237
5.061  5.411     -804.9548951
5.061  5.585     -804.9553281
5.061  5.760     -804.9558055
5.061  5.934     -804.9561893
5.061  6.109     -804.9566347
5.236  0.000     -804.9559170
5.236  0.175     -804.9557045
5.236  0.349     -804.9549516
5.236  0.524     -804.9534287
5.236  0.698     -804.9511306
5.236  0.873     -804.9482794
5.236  1.047     -804.9449992
5.236  1.222     -804.9506920
5.236  1.396     -804.9527720
5.236  1.571     -804.9544477
5.236  1.745     -804.9556615
5.236  1.920     -804.9565994
5.236  2.094     -804.9571463
5.236  2.269     -804.9573160
5.236  2.443     -804.9572596
5.236  2.618     -804.9568499
5.236  2.793     -804.9560729
5.236  2.967     -804.9551145
5.236  3.142     -804.9541584
5.236  3.316     -804.9532823
5.236  3.491     -804.9523047
5.236  3.665     -804.9509815
5.236  3.840     -804.9497340
5.236  4.014     -804.9483371
5.236  4.189     -804.9462558
5.236  4.363     -804.9521430
5.236  4.538     -804.9540291
5.236  4.712     -804.9552084
5.236  4.887     -804.9558705
5.236  5.061     -804.9560868
5.236  5.236     -804.9561107
5.236  5.411     -804.9561469
5.236  5.585     -804.9561755
5.236  5.760     -804.9561501
5.236  5.934     -804.9559957
5.236  6.109     -804.9558981
5.411  0.000     -804.9549323
5.411  0.175     -804.9541437
5.411  0.349     -804.9528173
5.411  0.524     -804.9507108
5.411  0.698     -804.9479060
5.411  0.873     -804.9446597
5.411  1.047     -804.9508455
5.411  1.222     -804.9531457
5.411  1.396     -804.9549765
5.411  1.571     -804.9564201
5.411  1.745     -804.9574423
5.411  1.920     -804.9581279
5.411  2.094     -804.9584381
5.411  2.269     -804.9583679
5.411  2.443     -804.9579587
5.411  2.618     -804.9571670
5.411  2.793     -804.9559387
5.411  2.967     -804.9545631
5.411  3.142     -804.9531462
5.411  3.316     -804.9517474
5.411  3.491     -804.9502932
5.411  3.665     -804.9485343
5.411  3.840     -804.9467761
5.411  4.014     -804.9453692
5.411  4.189     -804.9524203
5.411  4.363     -804.9547259
5.411  4.538     -804.9563262
5.411  4.712     -804.9572908
5.411  4.887     -804.9577728
5.411  5.061     -804.9577762
5.411  5.236     -804.9575606
5.411  5.411     -804.9573322
5.411  5.585     -804.9570272
5.411  5.760     -804.9566092
5.411  5.934     -804.9560199
5.411  6.109     -804.9553962
5.585  0.000     -804.9543995
5.585  0.175     -804.9529895
5.585  0.349     -804.9510249
5.585  0.524     -804.9484533
5.585  0.698     -804.9488641
5.585  0.873     -804.9511233
5.585  1.047     -804.9532637
5.585  1.222     -804.9552279
5.585  1.396     -804.9567552
5.585  1.571     -804.9578994
5.585  1.745     -804.9586468
5.585  1.920     -804.9591664
5.585  2.094     -804.9593766
5.585  2.269     -804.9592592
5.585  2.443     -804.9586959
5.585  2.618     -804.9577153
5.585  2.793     -804.9562213
5.585  2.967     -804.9544541
5.585  3.142     -804.9525542
5.585  3.316     -804.9505663
5.585  3.491     -804.9487167
5.585  3.665     -804.9468124
5.585  3.840     -804.9497841
5.585  4.014     -804.9524005
5.585  4.189     -804.9549426
5.585  4.363     -804.9568578
5.585  4.538     -804.9581884
5.585  4.712     -804.9590029
5.585  4.887     -804.9593175
5.585  5.061     -804.9591529
5.585  5.236     -804.9588011
5.585  5.411     -804.9584059
5.585  5.585     -804.9578988
5.585  5.760     -804.9572536
5.585  5.934     -804.9563491
5.585  6.109     -804.9553692
5.760  0.000     -804.9544628
5.760  0.175     -804.9525579
5.760  0.349     -804.9501436
5.760  0.524     -804.9501356
5.760  0.698     -804.9516091
5.760  0.873     -804.9533965
5.760  1.047     -804.9550889
5.760  1.222     -804.9565988
5.760  1.396     -804.9577725
5.760  1.571     -804.9586154
5.760  1.745     -804.9592067
5.760  1.920     -804.9596879
5.760  2.094     -804.9599557
5.760  2.269     -804.9598969
5.760  2.443     -804.9594046
5.760  2.618     -804.9584573
5.760  2.793     -804.9568937
5.760  2.967     -804.9549061
5.760  3.142     -804.9526442
5.760  3.316     -804.9503697
5.760  3.491     -804.9494848
5.760  3.665     -804.9505996
5.760  3.840     -804.9525374
5.760  4.014     -804.9547812
5.760  4.189     -804.9568852
5.760  4.363     -804.9583391
5.760  4.538     -804.9594511
5.760  4.712     -804.9600831
5.760  4.887     -804.9602513
5.760  5.061     -804.9600195
5.760  5.236     -804.9596376
5.760  5.411     -804.9592456
5.760  5.585     -804.9587765
5.760  5.760     -804.9581801
5.760  5.934     -804.9570975
5.760  6.109     -804.9558638
5.934  0.000     -804.9552000
5.934  0.175     -804.9529736
5.934  0.349     -804.9522835
5.934  0.524     -804.9529300
5.934  0.698     -804.9539607
5.934  0.873     -804.9551523
5.934  1.047     -804.9563169
5.934  1.222     -804.9572670
5.934  1.396     -804.9580279
5.934  1.571     -804.9586200
5.934  1.745     -804.9591149
5.934  1.920     -804.9596383
5.934  2.094     -804.9600017
5.934  2.269     -804.9601718
5.934  2.443     -804.9599444
5.934  2.618     -804.9591687
5.934  2.793     -804.9577383
5.934  2.967     -804.9557516
5.934  3.142     -804.9533091
5.934  3.316     -804.9524583
5.934  3.491     -804.9524771
5.934  3.665     -804.9533666
5.934  3.840     -804.9548463
5.934  4.014     -804.9564935
5.934  4.189     -804.9580879
5.934  4.363     -804.9591928
5.934  4.538     -804.9600672
5.934  4.712     -804.9604762
5.934  4.887     -804.9604543
5.934  5.061     -804.9601927
5.934  5.236     -804.9599195
5.934  5.411     -804.9596866
5.934  5.585     -804.9594117
5.934  5.760     -804.9589817
5.934  5.934     -804.9581354
5.934  6.109     -804.9568964
6.109  0.000     -804.9561757
6.109  0.175     -804.9550654
6.109  0.349     -804.9551432
6.109  0.524     -804.9554223
6.109  0.698     -804.9558180
6.109  0.873     -804.9563646
6.109  1.047     -804.9569338
6.109  1.222     -804.9573583
6.109  1.396     -804.9577296
6.109  1.571     -804.9580986
6.109  1.745     -804.9585114
6.109  1.920     -804.9589785
6.109  2.094     -804.9594832
6.109  2.269     -804.9599074
6.109  2.443     -804.9599622
6.109  2.618     -804.9594638
6.109  2.793     -804.9583938
6.109  2.967     -804.9568947
6.109  3.142     -804.9559274
6.109  3.316     -804.9554314
6.109  3.491     -804.9552707
6.109  3.665     -804.9557426
6.109  3.840     -804.9567163
6.109  4.014     -804.9578246
6.109  4.189     -804.9587468
6.109  4.363     -804.9595260
6.109  4.538     -804.9600422
6.109  4.712     -804.9601372
6.109  4.887     -804.9600232
6.109  5.061     -804.9599172
6.109  5.236     -804.9597741
6.109  5.411     -804.9596305
6.109  5.585     -804.9594432
6.109  5.760     -804.9592619
6.109  5.934     -804.9588134
6.109  6.109     -804.9578259
