-180    -1609.1968713
-170    -1609.1967108
-160    -1609.1960698
-150    -1609.1950473
-140    -1609.1939515
-130    -1609.1933584
-120    -1609.1932397
-110    -1609.1939041
-100    -1609.1953837
-090    -1609.1999905
-080    -1609.2012278
-070    -1609.2017511
-060    -1609.2011683
-050    -1609.2011681
-040    -1609.1979097
-030    -1609.1954922
-020    -1609.1934777
-010    -1609.1967153
+000    -1609.1961893
+010    -1609.1924679
+020    -1609.1937231
+030    -1609.1927915
+040    -1609.1952893
+050    -1609.1975983
+060    -1609.2016885
+070    -1609.2021201
+080    -1609.2014636
+090    -1609.1994105
+100    -1609.1968987
+110    -1609.1954214
+120    -1609.1939129
+130    -1609.1935571
+140    -1609.1939640
+150    -1609.1947769
+160    -1609.1956816
+170    -1609.1963607
