0.000  0.000     -765.6393974
0.000  0.175     -765.6391775
0.000  0.349     -765.6383391
0.000  0.524     -765.6368781
0.000  0.698     -765.6349899
0.000  0.873     -765.6329555
0.000  1.047     -765.6309269
0.000  1.222     -765.6304640
0.000  1.396     -765.6316111
0.000  1.571     -765.6330095
0.000  1.745     -765.6347554
0.000  1.920     -765.6365112
0.000  2.094     -765.6377422
0.000  2.269     -765.6385999
0.000  2.443     -765.6389702
0.000  2.618     -765.6391086
0.000  2.793     -765.6390287
0.000  2.967     -765.6388504
0.000  3.142     -765.6387446
0.000  3.316     -765.6385481
0.000  3.491     -765.6382824
0.000  3.665     -765.6377044
0.000  3.840     -765.6366025
0.000  4.014     -765.6350590
0.000  4.189     -765.6330181
0.000  4.363     -765.6305433
0.000  4.538     -765.6308303
0.000  4.712     -765.6319322
0.000  4.887     -765.6332409
0.000  5.061     -765.6344902
0.000  5.236     -765.6355667
0.000  5.411     -765.6365055
0.000  5.585     -765.6373027
0.000  5.760     -765.6379767
0.000  5.934     -765.6386182
0.000  6.109     -765.6391198
0.175  0.000     -765.6389380
0.175  0.175     -765.6387790
0.175  0.349     -765.6380620
0.175  0.524     -765.6367844
0.175  0.698     -765.6351651
0.175  0.873     -765.6336644
0.175  1.047     -765.6329571
0.175  1.222     -765.6330246
0.175  1.396     -765.6339165
0.175  1.571     -765.6349414
0.175  1.745     -765.6362892
0.175  1.920     -765.6375376
0.175  2.094     -765.6384046
0.175  2.269     -765.6389009
0.175  2.443     -765.6390766
0.175  2.618     -765.6388903
0.175  2.793     -765.6386734
0.175  2.967     -765.6385762
0.175  3.142     -765.6384889
0.175  3.316     -765.6383047
0.175  3.491     -765.6380584
0.175  3.665     -765.6375604
0.175  3.840     -765.6364945
0.175  4.014     -765.6349721
0.175  4.189     -765.6328067
0.175  4.363     -765.6328328
0.175  4.538     -765.6331874
0.175  4.712     -765.6337862
0.175  4.887     -765.6345415
0.175  5.061     -765.6353919
0.175  5.236     -765.6360707
0.175  5.411     -765.6366405
0.175  5.585     -765.6371236
0.175  5.760     -765.6376399
0.175  5.934     -765.6382065
0.175  6.109     -765.6386937
0.349  0.000     -765.6376386
0.349  0.175     -765.6375574
0.349  0.349     -765.6370719
0.349  0.524     -765.6362222
0.349  0.698     -765.6353557
0.349  0.873     -765.6351604
0.349  1.047     -765.6349579
0.349  1.222     -765.6349860
0.349  1.396     -765.6354735
0.349  1.571     -765.6361265
0.349  1.745     -765.6370571
0.349  1.920     -765.6378440
0.349  2.094     -765.6382320
0.349  2.269     -765.6385732
0.349  2.443     -765.6384938
0.349  2.618     -765.6380281
0.349  2.793     -765.6375642
0.349  2.967     -765.6373337
0.349  3.142     -765.6371406
0.349  3.316     -765.6370338
0.349  3.491     -765.6368763
0.349  3.665     -765.6366408
0.349  3.840     -765.6360482
0.349  4.014     -765.6351978
0.349  4.189     -765.6348412
0.349  4.363     -765.6349191
0.349  4.538     -765.6350397
0.349  4.712     -765.6352105
0.349  4.887     -765.6354400
0.349  5.061     -765.6357365
0.349  5.236     -765.6359257
0.349  5.411     -765.6360758
0.349  5.585     -765.6362502
0.349  5.760     -765.6366215
0.349  5.934     -765.6370508
0.349  6.109     -765.6374341
0.524  0.000     -765.6356074
0.524  0.175     -765.6357324
0.524  0.349     -765.6356277
0.524  0.524     -765.6355446
0.524  0.698     -765.6360211
0.524  0.873     -765.6363260
0.524  1.047     -765.6363718
0.524  1.222     -765.6363833
0.524  1.396     -765.6365472
0.524  1.571     -765.6368707
0.524  1.745     -765.6372977
0.524  1.920     -765.6376793
0.524  2.094     -765.6376832
0.524  2.269     -765.6375085
0.524  2.443     -765.6369505
0.524  2.618     -765.6365867
0.524  2.793     -765.6357240
0.524  2.967     -765.6352440
0.524  3.142     -765.6349932
0.524  3.316     -765.6349378
0.524  3.491     -765.6349644
0.524  3.665     -765.6351209
0.524  3.840     -765.6354949
0.524  4.014     -765.6359492
0.524  4.189     -765.6363807
0.524  4.363     -765.6365052
0.524  4.538     -765.6364015
0.524  4.712     -765.6361716
0.524  4.887     -765.6358974
0.524  5.061     -765.6355998
0.524  5.236     -765.6353763
0.524  5.411     -765.6351369
0.524  5.585     -765.6349444
0.524  5.760     -765.6349532
0.524  5.934     -765.6351373
0.524  6.109     -765.6353870
0.698  0.000     -765.6335075
0.698  0.175     -765.6339199
0.698  0.349     -765.6343284
0.698  0.524     -765.6351592
0.698  0.698     -765.6362206
0.698  0.873     -765.6367750
0.698  1.047     -765.6369829
0.698  1.222     -765.6370623
0.698  1.396     -765.6371210
0.698  1.571     -765.6372133
0.698  1.745     -765.6372170
0.698  1.920     -765.6371857
0.698  2.094     -765.6369381
0.698  2.269     -765.6363602
0.698  2.443     -765.6354607
0.698  2.618     -765.6343314
0.698  2.793     -765.6334669
0.698  2.967     -765.6327439
0.698  3.142     -765.6324989
0.698  3.316     -765.6325717
0.698  3.491     -765.6329123
0.698  3.665     -765.6337857
0.698  3.840     -765.6350305
0.698  4.014     -765.6365069
0.698  4.189     -765.6374637
0.698  4.363     -765.6376479
0.698  4.538     -765.6373161
0.698  4.712     -765.6367377
0.698  4.887     -765.6360420
0.698  5.061     -765.6353094
0.698  5.236     -765.6345773
0.698  5.411     -765.6338586
0.698  5.585     -765.6332300
0.698  5.760     -765.6328418
0.698  5.934     -765.6328462
0.698  6.109     -765.6331448
0.873  0.000     -765.6314666
0.873  0.175     -765.6322944
0.873  0.349     -765.6333993
0.873  0.524     -765.6348125
0.873  0.698     -765.6360356
0.873  0.873     -765.6367849
0.873  1.047     -765.6370692
0.873  1.222     -765.6372104
0.873  1.396     -765.6372647
0.873  1.571     -765.6371286
0.873  1.745     -765.6368186
0.873  1.920     -765.6364927
0.873  2.094     -765.6357528
0.873  2.269     -765.6348600
0.873  2.443     -765.6334488
0.873  2.618     -765.6322501
0.873  2.793     -765.6310518
0.873  2.967     -765.6304066
0.873  3.142     -765.6302830
0.873  3.316     -765.6307194
0.873  3.491     -765.6316003
0.873  3.665     -765.6328474
0.873  3.840     -765.6348115
0.873  4.014     -765.6367440
0.873  4.189     -765.6379877
0.873  4.363     -765.6382619
0.873  4.538     -765.6378463
0.873  4.712     -765.6369847
0.873  4.887     -765.6359178
0.873  5.061     -765.6347664
0.873  5.236     -765.6335568
0.873  5.411     -765.6324283
0.873  5.585     -765.6314302
0.873  5.760     -765.6307158
0.873  5.934     -765.6304840
0.873  6.109     -765.6308516
1.047  0.000     -765.6297409
1.047  0.175     -765.6310863
1.047  0.349     -765.6328146
1.047  0.524     -765.6345627
1.047  0.698     -765.6359529
1.047  0.873     -765.6368236
1.047  1.047     -765.6371713
1.047  1.222     -765.6372362
1.047  1.396     -765.6370655
1.047  1.571     -765.6367247
1.047  1.745     -765.6364918
1.047  1.920     -765.6357065
1.047  2.094     -765.6349175
1.047  2.269     -765.6333917
1.047  2.443     -765.6318143
1.047  2.618     -765.6301751
1.047  2.793     -765.6287416
1.047  2.967     -765.6282304
1.047  3.142     -765.6285380
1.047  3.316     -765.6293994
1.047  3.491     -765.6306646
1.047  3.665     -765.6324279
1.047  3.840     -765.6347634
1.047  4.014     -765.6368917
1.047  4.189     -765.6382268
1.047  4.363     -765.6385418
1.047  4.538     -765.6380625
1.047  4.712     -765.6369557
1.047  4.887     -765.6355679
1.047  5.061     -765.6340544
1.047  5.236     -765.6324967
1.047  5.411     -765.6309995
1.047  5.585     -765.6297543
1.047  5.760     -765.6288376
1.047  5.934     -765.6284039
1.047  6.109     -765.6286865
1.222  0.000     -765.6284545
1.222  0.175     -765.6303114
1.222  0.349     -765.6324123
1.222  0.524     -765.6344011
1.222  0.698     -765.6359724
1.222  0.873     -765.6368947
1.222  1.047     -765.6372175
1.222  1.222     -765.6371149
1.222  1.396     -765.6368670
1.222  1.571     -765.6366364
1.222  1.745     -765.6360466
1.222  1.920     -765.6349523
1.222  2.094     -765.6337400
1.222  2.269     -765.6320094
1.222  2.443     -765.6300173
1.222  2.618     -765.6281590
1.222  2.793     -765.6267596
1.222  2.967     -765.6264224
1.222  3.142     -765.6272052
1.222  3.316     -765.6284804
1.222  3.491     -765.6301516
1.222  3.665     -765.6323232
1.222  3.840     -765.6347996
1.222  4.014     -765.6369956
1.222  4.189     -765.6384150
1.222  4.363     -765.6387535
1.222  4.538     -765.6381583
1.222  4.712     -765.6369271
1.222  4.887     -765.6352786
1.222  5.061     -765.6334408
1.222  5.236     -765.6315498
1.222  5.411     -765.6297356
1.222  5.585     -765.6282791
1.222  5.760     -765.6271523
1.222  5.934     -765.6265934
1.222  6.109     -765.6268132
1.396  0.000     -765.6278408
1.396  0.175     -765.6301559
1.396  0.349     -765.6323226
1.396  0.524     -765.6343421
1.396  0.698     -765.6359356
1.396  0.873     -765.6368572
1.396  1.047     -765.6371268
1.396  1.222     -765.6372121
1.396  1.396     -765.6369183
1.396  1.571     -765.6364362
1.396  1.745     -765.6355788
1.396  1.920     -765.6344632
1.396  2.094     -765.6328569
1.396  2.269     -765.6308782
1.396  2.443     -765.6287253
1.396  2.618     -765.6266822
1.396  2.793     -765.6252653
1.396  2.967     -765.6249409
1.396  3.142     -765.6263192
1.396  3.316     -765.6280821
1.396  3.491     -765.6302061
1.396  3.665     -765.6325379
1.396  3.840     -765.6350375
1.396  4.014     -765.6371891
1.396  4.189     -765.6385065
1.396  4.363     -765.6388534
1.396  4.538     -765.6382640
1.396  4.712     -765.6369330
1.396  4.887     -765.6350616
1.396  5.061     -765.6329636
1.396  5.236     -765.6308142
1.396  5.411     -765.6287616
1.396  5.585     -765.6270440
1.396  5.760     -765.6256309
1.396  5.934     -765.6248675
1.396  6.109     -765.6256872
1.571  0.000     -765.6286107
1.571  0.175     -765.6305811
1.571  0.349     -765.6326061
1.571  0.524     -765.6344609
1.571  0.698     -765.6359750
1.571  0.873     -765.6369411
1.571  1.047     -765.6373836
1.571  1.222     -765.6371148
1.571  1.396     -765.6367206
1.571  1.571     -765.6362502
1.571  1.745     -765.6352361
1.571  1.920     -765.6338660
1.571  2.094     -765.6320925
1.571  2.269     -765.6299358
1.571  2.443     -765.6275206
1.571  2.618     -765.6252275
1.571  2.793     -765.6237031
1.571  2.967     -765.6250812
1.571  3.142     -765.6265460
1.571  3.316     -765.6284980
1.571  3.491     -765.6308138
1.571  3.665     -765.6332222
1.571  3.840     -765.6355180
1.571  4.014     -765.6374315
1.571  4.189     -765.6386088
1.571  4.363     -765.6390201
1.571  4.538     -765.6384448
1.571  4.712     -765.6369558
1.571  4.887     -765.6348861
1.571  5.061     -765.6325242
1.571  5.236     -765.6301217
1.571  5.411     -765.6278327
1.571  5.585     -765.6258537
1.571  5.760     -765.6242399
1.571  5.934     -765.6244196
1.571  6.109     -765.6262792
1.745  0.000     -765.6297674
1.745  0.175     -765.6319062
1.745  0.349     -765.6335651
1.745  0.524     -765.6352824
1.745  0.698     -765.6363638
1.745  0.873     -765.6370908
1.745  1.047     -765.6372202
1.745  1.222     -765.6372136
1.745  1.396     -765.6365711
1.745  1.571     -765.6358596
1.745  1.745     -765.6347980
1.745  1.920     -765.6332562
1.745  2.094     -765.6312436
1.745  2.269     -765.6288511
1.745  2.443     -765.6262538
1.745  2.618     -765.6238586
1.745  2.793     -765.6249761
1.745  2.967     -765.6264419
1.745  3.142     -765.6279006
1.745  3.316     -765.6299169
1.745  3.491     -765.6319896
1.745  3.665     -765.6340982
1.745  3.840     -765.6363896
1.745  4.014     -765.6378963
1.745  4.189     -765.6388305
1.745  4.363     -765.6391220
1.745  4.538     -765.6384810
1.745  4.712     -765.6368704
1.745  4.887     -765.6346403
1.745  5.061     -765.6320436
1.745  5.236     -765.6294152
1.745  5.411     -765.6268674
1.745  5.585     -765.6246351
1.745  5.760     -765.6229653
1.745  5.934     -765.6260350
1.745  6.109     -765.6279606
1.920  0.000     -765.6316735
1.920  0.175     -765.6333148
1.920  0.349     -765.6347134
1.920  0.524     -765.6358496
1.920  0.698     -765.6366290
1.920  0.873     -765.6370854
1.920  1.047     -765.6372156
1.920  1.222     -765.6370997
1.920  1.396     -765.6364562
1.920  1.571     -765.6354748
1.920  1.745     -765.6341278
1.920  1.920     -765.6323712
1.920  2.094     -765.6302231
1.920  2.269     -765.6276923
1.920  2.443     -765.6249386
1.920  2.618     -765.6259714
1.920  2.793     -765.6272474
1.920  2.967     -765.6284845
1.920  3.142     -765.6297496
1.920  3.316     -765.6315520
1.920  3.491     -765.6332249
1.920  3.665     -765.6352618
1.920  3.840     -765.6367899
1.920  4.014     -765.6384084
1.920  4.189     -765.6390598
1.920  4.363     -765.6390143
1.920  4.538     -765.6382236
1.920  4.712     -765.6365369
1.920  4.887     -765.6341789
1.920  5.061     -765.6313805
1.920  5.236     -765.6285423
1.920  5.411     -765.6258040
1.920  5.585     -765.6233722
1.920  5.760     -765.6264244
1.920  5.934     -765.6282053
1.920  6.109     -765.6299325
2.094  0.000     -765.6334312
2.094  0.175     -765.6345944
2.094  0.349     -765.6354300
2.094  0.524     -765.6363105
2.094  0.698     -765.6367634
2.094  0.873     -765.6369855
2.094  1.047     -765.6368947
2.094  1.222     -765.6364084
2.094  1.396     -765.6356398
2.094  1.571     -765.6344769
2.094  1.745     -765.6329698
2.094  1.920     -765.6310863
2.094  2.094     -765.6288108
2.094  2.269     -765.6261702
2.094  2.443     -765.6273987
2.094  2.618     -765.6285788
2.094  2.793     -765.6296845
2.094  2.967     -765.6306516
2.094  3.142     -765.6317640
2.094  3.316     -765.6331622
2.094  3.491     -765.6347111
2.094  3.665     -765.6361647
2.094  3.840     -765.6374005
2.094  4.014     -765.6385088
2.094  4.189     -765.6389201
2.094  4.363     -765.6386897
2.094  4.538     -765.6376991
2.094  4.712     -765.6358447
2.094  4.887     -765.6332904
2.094  5.061     -765.6302646
2.094  5.236     -765.6271716
2.094  5.411     -765.6242842
2.094  5.585     -765.6272495
2.094  5.760     -765.6289285
2.094  5.934     -765.6305740
2.094  6.109     -765.6320751
2.269  0.000     -765.6350619
2.269  0.175     -765.6359251
2.269  0.349     -765.6364737
2.269  0.524     -765.6366443
2.269  0.698     -765.6367288
2.269  0.873     -765.6365823
2.269  1.047     -765.6361432
2.269  1.222     -765.6354047
2.269  1.396     -765.6344157
2.269  1.571     -765.6330352
2.269  1.745     -765.6313506
2.269  1.920     -765.6292931
2.269  2.094     -765.6268439
2.269  2.269     -765.6285017
2.269  2.443     -765.6299597
2.269  2.618     -765.6310093
2.269  2.793     -765.6318836
2.269  2.967     -765.6326727
2.269  3.142     -765.6335765
2.269  3.316     -765.6346573
2.269  3.491     -765.6356038
2.269  3.665     -765.6368130
2.269  3.840     -765.6376300
2.269  4.014     -765.6382356
2.269  4.189     -765.6384882
2.269  4.363     -765.6379071
2.269  4.538     -765.6365264
2.269  4.712     -765.6343855
2.269  4.887     -765.6316131
2.269  5.061     -765.6284585
2.269  5.236     -765.6252378
2.269  5.411     -765.6275979
2.269  5.585     -765.6293090
2.269  5.760     -765.6308906
2.269  5.934     -765.6323750
2.269  6.109     -765.6338679
2.443  0.000     -765.6359662
2.443  0.175     -765.6364071
2.443  0.349     -765.6366296
2.443  0.524     -765.6366982
2.443  0.698     -765.6362995
2.443  0.873     -765.6355414
2.443  1.047     -765.6348529
2.443  1.222     -765.6337894
2.443  1.396     -765.6325790
2.443  1.571     -765.6309938
2.443  1.745     -765.6290907
2.443  1.920     -765.6268680
2.443  2.094     -765.6289677
2.443  2.269     -765.6308151
2.443  2.443     -765.6321455
2.443  2.618     -765.6330706
2.443  2.793     -765.6336952
2.443  2.967     -765.6342978
2.443  3.142     -765.6347896
2.443  3.316     -765.6356948
2.443  3.491     -765.6363873
2.443  3.665     -765.6371373
2.443  3.840     -765.6376601
2.443  4.014     -765.6378827
2.443  4.189     -765.6376347
2.443  4.363     -765.6367223
2.443  4.538     -765.6350269
2.443  4.712     -765.6325901
2.443  4.887     -765.6295364
2.443  5.061     -765.6260806
2.443  5.236     -765.6277466
2.443  5.411     -765.6295609
2.443  5.585     -765.6311804
2.443  5.760     -765.6326328
2.443  5.934     -765.6340330
2.443  6.109     -765.6351657
2.618  0.000     -765.6365985
2.618  0.175     -765.6369433
2.618  0.349     -765.6370145
2.618  0.524     -765.6364415
2.618  0.698     -765.6356770
2.618  0.873     -765.6346049
2.618  1.047     -765.6332518
2.618  1.222     -765.6317842
2.618  1.396     -765.6301952
2.618  1.571     -765.6284490
2.618  1.745     -765.6263951
2.618  1.920     -765.6287483
2.618  2.094     -765.6310676
2.618  2.269     -765.6327408
2.618  2.443     -765.6339398
2.618  2.618     -765.6346702
2.618  2.793     -765.6351044
2.618  2.967     -765.6355225
2.618  3.142     -765.6359878
2.618  3.316     -765.6363979
2.618  3.491     -765.6367773
2.618  3.665     -765.6372039
2.618  3.840     -765.6373413
2.618  4.014     -765.6371560
2.618  4.189     -765.6364748
2.618  4.363     -765.6350326
2.618  4.538     -765.6328435
2.618  4.712     -765.6300074
2.618  4.887     -765.6267538
2.618  5.061     -765.6276404
2.618  5.236     -765.6295084
2.618  5.411     -765.6311784
2.618  5.585     -765.6325464
2.618  5.760     -765.6337775
2.618  5.934     -765.6349856
2.618  6.109     -765.6360008
2.793  0.000     -765.6370846
2.793  0.175     -765.6374136
2.793  0.349     -765.6370361
2.793  0.524     -765.6360516
2.793  0.698     -765.6348961
2.793  0.873     -765.6332755
2.793  1.047     -765.6316413
2.793  1.222     -765.6297891
2.793  1.396     -765.6277035
2.793  1.571     -765.6257663
2.793  1.745     -765.6281056
2.793  1.920     -765.6306874
2.793  2.094     -765.6327905
2.793  2.269     -765.6342876
2.793  2.443     -765.6353290
2.793  2.618     -765.6357855
2.793  2.793     -765.6361654
2.793  2.967     -765.6363331
2.793  3.142     -765.6365311
2.793  3.316     -765.6366885
2.793  3.491     -765.6370755
2.793  3.665     -765.6372184
2.793  3.840     -765.6369332
2.793  4.014     -765.6362436
2.793  4.189     -765.6351394
2.793  4.363     -765.6332880
2.793  4.538     -765.6306260
2.793  4.712     -765.6274403
2.793  4.887     -765.6277134
2.793  5.061     -765.6293318
2.793  5.236     -765.6308854
2.793  5.411     -765.6323025
2.793  5.585     -765.6335875
2.793  5.760     -765.6347643
2.793  5.934     -765.6358240
2.793  6.109     -765.6365794
2.967  0.000     -765.6374443
2.967  0.175     -765.6374874
2.967  0.349     -765.6368434
2.967  0.524     -765.6357237
2.967  0.698     -765.6341249
2.967  0.873     -765.6321205
2.967  1.047     -765.6299877
2.967  1.222     -765.6278569
2.967  1.396     -765.6259941
2.967  1.571     -765.6273914
2.967  1.745     -765.6298876
2.967  1.920     -765.6323138
2.967  2.094     -765.6342145
2.967  2.269     -765.6354939
2.967  2.443     -765.6363512
2.967  2.618     -765.6365016
2.967  2.793     -765.6367457
2.967  2.967     -765.6367858
2.967  3.142     -765.6368655
2.967  3.316     -765.6370137
2.967  3.491     -765.6372625
2.967  3.665     -765.6371527
2.967  3.840     -765.6366321
2.967  4.014     -765.6356111
2.967  4.189     -765.6341329
2.967  4.363     -765.6318973
2.967  4.538     -765.6289784
2.967  4.712     -765.6279077
2.967  4.887     -765.6292931
2.967  5.061     -765.6306985
2.967  5.236     -765.6320482
2.967  5.411     -765.6332921
2.967  5.585     -765.6344284
2.967  5.760     -765.6354219
2.967  5.934     -765.6362446
2.967  6.109     -765.6368758
3.142  0.000     -765.6374842
3.142  0.175     -765.6373805
3.142  0.349     -765.6367128
3.142  0.524     -765.6354764
3.142  0.698     -765.6336294
3.142  0.873     -765.6313603
3.142  1.047     -765.6290370
3.142  1.222     -765.6270333
3.142  1.396     -765.6275889
3.142  1.571     -765.6294971
3.142  1.745     -765.6315072
3.142  1.920     -765.6335649
3.142  2.094     -765.6352440
3.142  2.269     -765.6363029
3.142  2.443     -765.6370406
3.142  2.618     -765.6371482
3.142  2.793     -765.6370738
3.142  2.967     -765.6372610
3.142  3.142     -765.6370833
3.142  3.316     -765.6372287
3.142  3.491     -765.6372254
3.142  3.665     -765.6370909
3.142  3.840     -765.6364649
3.142  4.014     -765.6351279
3.142  4.189     -765.6332372
3.142  4.363     -765.6307395
3.142  4.538     -765.6289332
3.142  4.712     -765.6296170
3.142  4.887     -765.6307569
3.142  5.061     -765.6318623
3.142  5.236     -765.6329531
3.142  5.411     -765.6339751
3.142  5.585     -765.6348503
3.142  5.760     -765.6356019
3.142  5.934     -765.6363257
3.142  6.109     -765.6370276
3.316  0.000     -765.6372749
3.316  0.175     -765.6371319
3.316  0.349     -765.6364369
3.316  0.524     -765.6351037
3.316  0.698     -765.6332010
3.316  0.873     -765.6310948
3.316  1.047     -765.6290262
3.316  1.222     -765.6288762
3.316  1.396     -765.6297430
3.316  1.571     -765.6313722
3.316  1.745     -765.6330357
3.316  1.920     -765.6346671
3.316  2.094     -765.6360157
3.316  2.269     -765.6368319
3.316  2.443     -765.6372596
3.316  2.618     -765.6373094
3.316  2.793     -765.6374030
3.316  2.967     -765.6371422
3.316  3.142     -765.6372176
3.316  3.316     -765.6371926
3.316  3.491     -765.6370903
3.316  3.665     -765.6370092
3.316  3.840     -765.6364457
3.316  4.014     -765.6350833
3.316  4.189     -765.6331017
3.316  4.363     -765.6307941
3.316  4.538     -765.6308350
3.316  4.712     -765.6313804
3.316  4.887     -765.6320094
3.316  5.061     -765.6327814
3.316  5.236     -765.6334669
3.316  5.411     -765.6341758
3.316  5.585     -765.6348068
3.316  5.760     -765.6354245
3.316  5.934     -765.6362088
3.316  6.109     -765.6369007
3.491  0.000     -765.6364976
3.491  0.175     -765.6365296
3.491  0.349     -765.6359668
3.491  0.524     -765.6347239
3.491  0.698     -765.6330699
3.491  0.873     -765.6312560
3.491  1.047     -765.6309370
3.491  1.222     -765.6311578
3.491  1.396     -765.6318800
3.491  1.571     -765.6330609
3.491  1.745     -765.6344750
3.491  1.920     -765.6354097
3.491  2.094     -765.6365103
3.491  2.269     -765.6369797
3.491  2.443     -765.6371038
3.491  2.618     -765.6370899
3.491  2.793     -765.6370068
3.491  2.967     -765.6368932
3.491  3.142     -765.6369407
3.491  3.316     -765.6368749
3.491  3.491     -765.6368171
3.491  3.665     -765.6368118
3.491  3.840     -765.6363974
3.491  4.014     -765.6352548
3.491  4.189     -765.6337026
3.491  4.363     -765.6328198
3.491  4.538     -765.6328014
3.491  4.712     -765.6330950
3.491  4.887     -765.6333282
3.491  5.061     -765.6336037
3.491  5.236     -765.6338237
3.491  5.411     -765.6340613
3.491  5.585     -765.6344402
3.491  5.760     -765.6350152
3.491  5.934     -765.6355854
3.491  6.109     -765.6361144
3.665  0.000     -765.6351250
3.665  0.175     -765.6353280
3.665  0.349     -765.6350704
3.665  0.524     -765.6342375
3.665  0.698     -765.6331884
3.665  0.873     -765.6329369
3.665  1.047     -765.6330302
3.665  1.222     -765.6334408
3.665  1.396     -765.6339382
3.665  1.571     -765.6347387
3.665  1.745     -765.6355597
3.665  1.920     -765.6361868
3.665  2.094     -765.6366930
3.665  2.269     -765.6367839
3.665  2.443     -765.6367158
3.665  2.618     -765.6364684
3.665  2.793     -765.6360833
3.665  2.967     -765.6360281
3.665  3.142     -765.6360626
3.665  3.316     -765.6360393
3.665  3.491     -765.6361029
3.665  3.665     -765.6362763
3.665  3.840     -765.6360922
3.665  4.014     -765.6353963
3.665  4.189     -765.6350575
3.665  4.363     -765.6348605
3.665  4.538     -765.6347360
3.665  4.712     -765.6347148
3.665  4.887     -765.6345553
3.665  5.061     -765.6342900
3.665  5.236     -765.6341026
3.665  5.411     -765.6339197
3.665  5.585     -765.6339153
3.665  5.760     -765.6340977
3.665  5.934     -765.6343749
3.665  6.109     -765.6347430
3.840  0.000     -765.6333204
3.840  0.175     -765.6337296
3.840  0.349     -765.6338883
3.840  0.524     -765.6337018
3.840  0.698     -765.6341293
3.840  0.873     -765.6345820
3.840  1.047     -765.6349521
3.840  1.222     -765.6353390
3.840  1.396     -765.6356035
3.840  1.571     -765.6359439
3.840  1.745     -765.6363444
3.840  1.920     -765.6366770
3.840  2.094     -765.6366704
3.840  2.269     -765.6363442
3.840  2.443     -765.6359941
3.840  2.618     -765.6354324
3.840  2.793     -765.6346114
3.840  2.967     -765.6344782
3.840  3.142     -765.6345296
3.840  3.316     -765.6346720
3.840  3.491     -765.6348940
3.840  3.665     -765.6352163
3.840  3.840     -765.6355436
3.840  4.014     -765.6360974
3.840  4.189     -765.6366551
3.840  4.363     -765.6367582
3.840  4.538     -765.6365420
3.840  4.712     -765.6360778
3.840  4.887     -765.6354644
3.840  5.061     -765.6347569
3.840  5.236     -765.6341084
3.840  5.411     -765.6335104
3.840  5.585     -765.6330062
3.840  5.760     -765.6327114
3.840  5.934     -765.6326845
3.840  6.109     -765.6329171
4.014  0.000     -765.6311101
4.014  0.175     -765.6317405
4.014  0.349     -765.6324649
4.014  0.524     -765.6337756
4.014  0.698     -765.6349589
4.014  0.873     -765.6358461
4.014  1.047     -765.6363378
4.014  1.222     -765.6366286
4.014  1.396     -765.6367657
4.014  1.571     -765.6369632
4.014  1.745     -765.6370022
4.014  1.920     -765.6366803
4.014  2.094     -765.6365428
4.014  2.269     -765.6355398
4.014  2.443     -765.6348735
4.014  2.618     -765.6337232
4.014  2.793     -765.6328025
4.014  2.967     -765.6324909
4.014  3.142     -765.6325511
4.014  3.316     -765.6329162
4.014  3.491     -765.6334679
4.014  3.665     -765.6342900
4.014  3.840     -765.6355044
4.014  4.014     -765.6369205
4.014  4.189     -765.6379404
4.014  4.363     -765.6382548
4.014  4.538     -765.6379371
4.014  4.712     -765.6372165
4.014  4.887     -765.6362074
4.014  5.061     -765.6351160
4.014  5.236     -765.6339529
4.014  5.411     -765.6328889
4.014  5.585     -765.6319134
4.014  5.760     -765.6311524
4.014  5.934     -765.6307241
4.014  6.109     -765.6307078
4.189  0.000     -765.6288707
4.189  0.175     -765.6299114
4.189  0.349     -765.6316431
4.189  0.524     -765.6336105
4.189  0.698     -765.6352236
4.189  0.873     -765.6364398
4.189  1.047     -765.6370778
4.189  1.222     -765.6373355
4.189  1.396     -765.6374617
4.189  1.571     -765.6374269
4.189  1.745     -765.6370069
4.189  1.920     -765.6364484
4.189  2.094     -765.6360459
4.189  2.269     -765.6349299
4.189  2.443     -765.6335324
4.189  2.618     -765.6321386
4.189  2.793     -765.6308282
4.189  2.967     -765.6303289
4.189  3.142     -765.6304248
4.189  3.316     -765.6311363
4.189  3.491     -765.6322564
4.189  3.665     -765.6338193
4.189  3.840     -765.6355987
4.189  4.014     -765.6374126
4.189  4.189     -765.6386858
4.189  4.363     -765.6391338
4.189  4.538     -765.6388170
4.189  4.712     -765.6379323
4.189  4.887     -765.6366182
4.189  5.061     -765.6351533
4.189  5.236     -765.6336097
4.189  5.411     -765.6320707
4.189  5.585     -765.6306493
4.189  5.760     -765.6294561
4.189  5.934     -765.6286752
4.189  6.109     -765.6284223
4.363  0.000     -765.6266435
4.363  0.175     -765.6287661
4.363  0.349     -765.6309848
4.363  0.524     -765.6332051
4.363  0.698     -765.6350374
4.363  0.873     -765.6364351
4.363  1.047     -765.6372515
4.363  1.222     -765.6374911
4.363  1.396     -765.6374858
4.363  1.571     -765.6371524
4.363  1.745     -765.6366715
4.363  1.920     -765.6360509
4.363  2.094     -765.6352341
4.363  2.269     -765.6336817
4.363  2.443     -765.6319667
4.363  2.618     -765.6300375
4.363  2.793     -765.6288516
4.363  2.967     -765.6279898
4.363  3.142     -765.6285166
4.363  3.316     -765.6297263
4.363  3.491     -765.6313840
4.363  3.665     -765.6333820
4.363  3.840     -765.6354697
4.363  4.014     -765.6375117
4.363  4.189     -765.6388783
4.363  4.363     -765.6393941
4.363  4.538     -765.6390829
4.363  4.712     -765.6380876
4.363  4.887     -765.6365695
4.363  5.061     -765.6347408
4.363  5.236     -765.6328108
4.363  5.411     -765.6308387
4.363  5.585     -765.6290212
4.363  5.760     -765.6275464
4.363  5.934     -765.6265438
4.363  6.109     -765.6261526
4.538  0.000     -765.6259875
4.538  0.175     -765.6282641
4.538  0.349     -765.6305522
4.538  0.524     -765.6327903
4.538  0.698     -765.6346564
4.538  0.873     -765.6360610
4.538  1.047     -765.6369076
4.538  1.222     -765.6370805
4.538  1.396     -765.6369385
4.538  1.571     -765.6366498
4.538  1.745     -765.6361150
4.538  1.920     -765.6353098
4.538  2.094     -765.6340817
4.538  2.269     -765.6322903
4.538  2.443     -765.6302832
4.538  2.618     -765.6282245
4.538  2.793     -765.6265164
4.538  2.967     -765.6258204
4.538  3.142     -765.6268561
4.538  3.316     -765.6286031
4.538  3.491     -765.6307272
4.538  3.665     -765.6330013
4.538  3.840     -765.6352414
4.538  4.014     -765.6373241
4.538  4.189     -765.6386555
4.538  4.363     -765.6391456
4.538  4.538     -765.6388834
4.538  4.712     -765.6378047
4.538  4.887     -765.6360952
4.538  5.061     -765.6339550
4.538  5.236     -765.6316850
4.538  5.411     -765.6294000
4.538  5.585     -765.6272386
4.538  5.760     -765.6255087
4.538  5.934     -765.6243011
4.538  6.109     -765.6238933
4.712  0.000     -765.6263258
4.712  0.175     -765.6284803
4.712  0.349     -765.6305524
4.712  0.524     -765.6325506
4.712  0.698     -765.6342885
4.712  0.873     -765.6355576
4.712  1.047     -765.6362455
4.712  1.222     -765.6363774
4.712  1.396     -765.6363166
4.712  1.571     -765.6359409
4.712  1.745     -765.6351408
4.712  1.920     -765.6342129
4.712  2.094     -765.6326255
4.712  2.269     -765.6308335
4.712  2.443     -765.6285154
4.712  2.618     -765.6263227
4.712  2.793     -765.6246544
4.712  2.967     -765.6248109
4.712  3.142     -765.6264646
4.712  3.316     -765.6282594
4.712  3.491     -765.6303248
4.712  3.665     -765.6326868
4.712  3.840     -765.6349923
4.712  4.014     -765.6369609
4.712  4.189     -765.6381928
4.712  4.363     -765.6386529
4.712  4.538     -765.6383884
4.712  4.712     -765.6371802
4.712  4.887     -765.6352835
4.712  5.061     -765.6329479
4.712  5.236     -765.6304311
4.712  5.411     -765.6279176
4.712  5.585     -765.6255339
4.712  5.760     -765.6236408
4.712  5.934     -765.6223146
4.712  6.109     -765.6240785
4.887  0.000     -765.6273018
4.887  0.175     -765.6292496
4.887  0.349     -765.6309860
4.887  0.524     -765.6325866
4.887  0.698     -765.6340274
4.887  0.873     -765.6350092
4.887  1.047     -765.6354552
4.887  1.222     -765.6356550
4.887  1.396     -765.6355168
4.887  1.571     -765.6349198
4.887  1.745     -765.6339460
4.887  1.920     -765.6328421
4.887  2.094     -765.6311405
4.887  2.269     -765.6291986
4.887  2.443     -765.6267414
4.887  2.618     -765.6244239
4.887  2.793     -765.6240682
4.887  2.967     -765.6254431
4.887  3.142     -765.6269705
4.887  3.316     -765.6286575
4.887  3.491     -765.6305330
4.887  3.665     -765.6326628
4.887  3.840     -765.6348162
4.887  4.014     -765.6365516
4.887  4.189     -765.6376263
4.887  4.363     -765.6380240
4.887  4.538     -765.6376264
4.887  4.712     -765.6363301
4.887  4.887     -765.6342845
4.887  5.061     -765.6317916
4.887  5.236     -765.6290747
4.887  5.411     -765.6263723
4.887  5.585     -765.6238310
4.887  5.760     -765.6218076
4.887  5.934     -765.6233904
4.887  6.109     -765.6252536
5.061  0.000     -765.6287650
5.061  0.175     -765.6304419
5.061  0.349     -765.6317593
5.061  0.524     -765.6328952
5.061  0.698     -765.6338659
5.061  0.873     -765.6344440
5.061  1.047     -765.6348343
5.061  1.222     -765.6349212
5.061  1.396     -765.6345579
5.061  1.571     -765.6337451
5.061  1.745     -765.6327354
5.061  1.920     -765.6314106
5.061  2.094     -765.6295923
5.061  2.269     -765.6275480
5.061  2.443     -765.6249320
5.061  2.618     -765.6243991
5.061  2.793     -765.6256291
5.061  2.967     -765.6268441
5.061  3.142     -765.6280838
5.061  3.316     -765.6295541
5.061  3.491     -765.6312377
5.061  3.665     -765.6330552
5.061  3.840     -765.6348200
5.061  4.014     -765.6361852
5.061  4.189     -765.6371156
5.061  4.363     -765.6373725
5.061  4.538     -765.6367644
5.061  4.712     -765.6352942
5.061  4.887     -765.6330937
5.061  5.061     -765.6304640
5.061  5.236     -765.6275671
5.061  5.411     -765.6246863
5.061  5.585     -765.6220304
5.061  5.760     -765.6235262
5.061  5.934     -765.6252515
5.061  6.109     -765.6269664
5.236  0.000     -765.6305885
5.236  0.175     -765.6318818
5.236  0.349     -765.6327616
5.236  0.524     -765.6334224
5.236  0.698     -765.6338935
5.236  0.873     -765.6340705
5.236  1.047     -765.6342225
5.236  1.222     -765.6340711
5.236  1.396     -765.6334443
5.236  1.571     -765.6324736
5.236  1.745     -765.6313855
5.236  1.920     -765.6298168
5.236  2.094     -765.6278856
5.236  2.269     -765.6257584
5.236  2.443     -765.6255212
5.236  2.618     -765.6266162
5.236  2.793     -765.6276007
5.236  2.967     -765.6285501
5.236  3.142     -765.6295345
5.236  3.316     -765.6307943
5.236  3.491     -765.6322419
5.236  3.665     -765.6337013
5.236  3.840     -765.6350328
5.236  4.014     -765.6360265
5.236  4.189     -765.6366555
5.236  4.363     -765.6366045
5.236  4.538     -765.6357264
5.236  4.712     -765.6340758
5.236  4.887     -765.6317027
5.236  5.061     -765.6289037
5.236  5.236     -765.6258452
5.236  5.411     -765.6228317
5.236  5.585     -765.6243514
5.236  5.760     -765.6260543
5.236  5.934     -765.6276225
5.236  6.109     -765.6291243
5.411  0.000     -765.6325857
5.411  0.175     -765.6334480
5.411  0.349     -765.6338548
5.411  0.524     -765.6340516
5.411  0.698     -765.6340972
5.411  0.873     -765.6338587
5.411  1.047     -765.6335505
5.411  1.222     -765.6330829
5.411  1.396     -765.6322249
5.411  1.571     -765.6310860
5.411  1.745     -765.6297593
5.411  1.920     -765.6280233
5.411  2.094     -765.6260318
5.411  2.269     -765.6268444
5.411  2.443     -765.6282564
5.411  2.618     -765.6291685
5.411  2.793     -765.6298945
5.411  2.967     -765.6306060
5.411  3.142     -765.6313465
5.411  3.316     -765.6323026
5.411  3.491     -765.6333881
5.411  3.665     -765.6344563
5.411  3.840     -765.6353069
5.411  4.014     -765.6359014
5.411  4.189     -765.6361259
5.411  4.363     -765.6357059
5.411  4.538     -765.6345477
5.411  4.712     -765.6326225
5.411  4.887     -765.6300074
5.411  5.061     -765.6270239
5.411  5.236     -765.6238412
5.411  5.411     -765.6254767
5.411  5.585     -765.6272315
5.411  5.760     -765.6287636
5.411  5.934     -765.6301485
5.411  6.109     -765.6314289
5.585  0.000     -765.6345511
5.585  0.175     -765.6350255
5.585  0.349     -765.6350443
5.585  0.524     -765.6347322
5.585  0.698     -765.6343139
5.585  0.873     -765.6336786
5.585  1.047     -765.6328913
5.585  1.222     -765.6320187
5.585  1.396     -765.6308952
5.585  1.571     -765.6295645
5.585  1.745     -765.6279174
5.585  1.920     -765.6260987
5.585  2.094     -765.6280563
5.585  2.269     -765.6299357
5.585  2.443     -765.6311015
5.585  2.618     -765.6318089
5.585  2.793     -765.6323155
5.585  2.967     -765.6327728
5.585  3.142     -765.6332605
5.585  3.316     -765.6338905
5.585  3.491     -765.6346289
5.585  3.665     -765.6352226
5.585  3.840     -765.6355626
5.585  4.014     -765.6357571
5.585  4.189     -765.6354897
5.585  4.363     -765.6346575
5.585  4.538     -765.6330909
5.585  4.712     -765.6307829
5.585  4.887     -765.6278814
5.585  5.061     -765.6247286
5.585  5.236     -765.6266360
5.585  5.411     -765.6285555
5.585  5.585     -765.6301510
5.585  5.760     -765.6315001
5.585  5.934     -765.6326852
5.585  6.109     -765.6337191
5.760  0.000     -765.6364166
5.760  0.175     -765.6365220
5.760  0.349     -765.6361729
5.760  0.524     -765.6354724
5.760  0.698     -765.6346117
5.760  0.873     -765.6334374
5.760  1.047     -765.6321566
5.760  1.222     -765.6309391
5.760  1.396     -765.6295057
5.760  1.571     -765.6279567
5.760  1.745     -765.6260935
5.760  1.920     -765.6290828
5.760  2.094     -765.6312427
5.760  2.269     -765.6329875
5.760  2.443     -765.6339352
5.760  2.618     -765.6344311
5.760  2.793     -765.6347035
5.760  2.967     -765.6348979
5.760  3.142     -765.6351274
5.760  3.316     -765.6354376
5.760  3.491     -765.6358150
5.760  3.665     -765.6359904
5.760  3.840     -765.6358921
5.760  4.014     -765.6355045
5.760  4.189     -765.6346788
5.760  4.363     -765.6334554
5.760  4.538     -765.6314784
5.760  4.712     -765.6288346
5.760  4.887     -765.6257084
5.760  5.061     -765.6274840
5.760  5.236     -765.6296464
5.760  5.411     -765.6313884
5.760  5.585     -765.6328164
5.760  5.760     -765.6340250
5.760  5.934     -765.6350585
5.760  6.109     -765.6358932
5.934  0.000     -765.6379855
5.934  0.175     -765.6378784
5.934  0.349     -765.6372171
5.934  0.524     -765.6361239
5.934  0.698     -765.6348176
5.934  0.873     -765.6332429
5.934  1.047     -765.6315295
5.934  1.222     -765.6298165
5.934  1.396     -765.6281682
5.934  1.571     -765.6270072
5.934  1.745     -765.6295911
5.934  1.920     -765.6322094
5.934  2.094     -765.6340741
5.934  2.269     -765.6356025
5.934  2.443     -765.6363457
5.934  2.618     -765.6367090
5.934  2.793     -765.6368217
5.934  2.967     -765.6368128
5.934  3.142     -765.6368115
5.934  3.316     -765.6368596
5.934  3.491     -765.6369153
5.934  3.665     -765.6367160
5.934  3.840     -765.6362024
5.934  4.014     -765.6353113
5.934  4.189     -765.6339528
5.934  4.363     -765.6321813
5.934  4.538     -765.6297692
5.934  4.712     -765.6268730
5.934  4.887     -765.6284652
5.934  5.061     -765.6304471
5.934  5.236     -765.6323242
5.934  5.411     -765.6338206
5.934  5.585     -765.6350688
5.934  5.760     -765.6361258
5.934  5.934     -765.6370042
5.934  6.109     -765.6376636
6.109  0.000     -765.6390304
6.109  0.175     -765.6388079
6.109  0.349     -765.6379810
6.109  0.524     -765.6366351
6.109  0.698     -765.6348793
6.109  0.873     -765.6329589
6.109  1.047     -765.6310155
6.109  1.222     -765.6291073
6.109  1.396     -765.6286460
6.109  1.571     -765.6302551
6.109  1.745     -765.6324845
6.109  1.920     -765.6347306
6.109  2.094     -765.6362814
6.109  2.269     -765.6375326
6.109  2.443     -765.6380964
6.109  2.618     -765.6383827
6.109  2.793     -765.6383717
6.109  2.967     -765.6382012
6.109  3.142     -765.6380936
6.109  3.316     -765.6380084
6.109  3.491     -765.6378164
6.109  3.665     -765.6373310
6.109  3.840     -765.6364695
6.109  4.014     -765.6351687
6.109  4.189     -765.6333759
6.109  4.363     -765.6310871
6.109  4.538     -765.6283095
6.109  4.712     -765.6294542
6.109  4.887     -765.6311670
6.109  5.061     -765.6328243
6.109  5.236     -765.6343279
6.109  5.411     -765.6355454
6.109  5.585     -765.6366128
6.109  5.760     -765.6374969
6.109  5.934     -765.6382873
6.109  6.109     -765.6388098
