$molecule
0  1
--
0  1
C        +0.22270000        +1.04488000        +0.58595000
C        +0.62626000        -0.41353000        +0.99871000
C        -1.18200000        +1.23223000        +0.04377000
C        -0.37457000        -1.51643000        +0.72333000
O        -2.09172000        +0.78832000        +0.93966000
O        -1.47336000        +1.75939000        -0.99882000
O        -0.91364000        -1.42792000        -0.50620000
O        -0.62208000        -2.40877000        +1.49911000
C        -1.86134000        -2.44741000        -0.86560000
C        -3.47068000        +0.87492000        +0.53920000
C        +1.33008000        +1.39974000        -0.43491000
C        +2.63070000        +1.71700000        +0.32855000
C        +3.04336000        +0.29351000        +0.80300000
C        +1.94423000        -0.59299000        +0.15262000
O        +1.62840000        +0.13663000        -1.04376000
H        +0.27811000        +1.68786000        +1.46900000
H        +0.83923000        -0.48042000        +2.06408000
H        -2.68749000        -2.46677000        -0.15296000
H        -3.76076000        +1.91522000        +0.38406000
H        +3.37234000        +2.13782000        -0.35195000
H        +2.48236000        +2.42488000        +1.14651000
H        +4.02182000        +0.00994000        +0.41161000
H        +3.07359000        +0.18738000        +1.88928000
H        -2.21148000        -2.17765000        -1.85937000
H        -1.38062000        -3.42697000        -0.88096000
H        -4.03855000        +0.43623000        +1.35671000
H        -3.63120000        +0.31700000        -0.38495000
C        +0.90028000        +2.39077000        -1.49430000
C        +2.35450000        -2.01267000        -0.16812000
H        +3.26311000        -2.00678000        -0.77366000
H        +2.54990000        -2.57059000        +0.75079000
H        +1.57335000        -2.52896000        -0.72872000
H        +1.71845000        +2.58186000        -2.15686000
H        +0.59919000        +3.30478000        -1.02650000
H        +0.07925000        +1.98653000        -2.04874000
--
0  1
C        +0.25035000        +2.61098000        +5.64921000
C        +0.65391000        +1.15257000        +6.06197000
C        -1.15435000        +2.79833000        +5.10703000
C        -0.34692000        +0.04967000        +5.78659000
O        -2.06407000        +2.35442000        +6.00292000
O        -1.44571000        +3.32549000        +4.06444000
O        -0.88599000        +0.13818000        +4.55706000
O        -0.59443000        -0.84267000        +6.56237000
C        -1.83369000        -0.88131000        +4.19766000
C        -3.44303000        +2.44102000        +5.60246000
C        +1.35773000        +2.96584000        +4.62835000
C        +2.65835000        +3.28310000        +5.39181000
C        +3.07101000        +1.85961000        +5.86626000
C        +1.97188000        +0.97311000        +5.21588000
O        +1.65605000        +1.70273000        +4.01950000
H        +0.30576000        +3.25396000        +6.53226000
H        +0.86688000        +1.08568000        +7.12734000
H        -2.65984000        -0.90067000        +4.91030000
H        -3.73311000        +3.48132000        +5.44732000
H        +3.39999000        +3.70392000        +4.71131000
H        +2.51001000        +3.99098000        +6.20977000
H        +4.04947000        +1.57604000        +5.47487000
H        +3.10124000        +1.75348000        +6.95254000
H        -2.18383000        -0.61155000        +3.20389000
H        -1.35297000        -1.86087000        +4.18230000
H        -4.01090000        +2.00233000        +6.41997000
H        -3.60355000        +1.88310000        +4.67831000
C        +0.92793000        +3.95687000        +3.56896000
C        +2.38215000        -0.44657000        +4.89514000
H        +3.29076000        -0.44068000        +4.28960000
H        +2.57755000        -1.00449000        +5.81405000
H        +1.60100000        -0.96286000        +4.33454000
H        +1.74610000        +4.14796000        +2.90640000
H        +0.62684000        +4.87088000        +4.03676000
H        +0.10690000        +3.55263000        +3.01452000
$end

$rem
JOBTYPE                   SP
METHOD                    B3LYP
DFT_D                     d3_op
BASIS                     6-311++G(d,p)
SYMMETRY                  False
THRESH                    12
SCF_CONVERGENCE           8
MAX_SUB_FILE_NUM          128
MEM_STATIC                400
MEM_TOTAL                 4000
$end
