3.000       -110.1092076
3.500        -76.7670471
3.700        -64.7518822
3.900        -54.1826247
4.000        -49.4286277
4.100        -45.0099766
4.200        -40.9091296
4.300        -37.1072789
4.400        -33.5895240
4.500        -30.3446274
4.600        -27.3650903
4.700        -24.6437405
4.800        -22.1729836
4.900        -19.9421613
5.000        -17.9366932
5.100        -16.1401105
5.200        -14.5343896
5.300        -13.1006411
5.400        -11.8209229
5.500        -10.6783013
5.600         -9.6569187
5.700         -8.7428804
5.800         -7.9238991
5.900         -7.1890168
6.000         -6.5289474
6.500         -4.0980839
7.000         -2.6471802
8.000         -1.2034357
10.000         -0.3244991
