$molecule
0  1
C        +0.24461000        +2.28594000        +4.59834000
C        +0.64817000        +0.82753000        +5.01110000
C        -1.16009000        +2.47329000        +4.05616000
C        -0.35266000        -0.27537000        +4.73572000
O        -2.06981000        +2.02938000        +4.95205000
O        -1.45145000        +3.00045000        +3.01357000
O        -0.89173000        -0.18686000        +3.50619000
O        -0.60017000        -1.16771000        +5.51150000
C        -1.83943000        -1.20635000        +3.14679000
C        -3.44877000        +2.11598000        +4.55159000
C        +1.35199000        +2.64080000        +3.57748000
C        +2.65261000        +2.95806000        +4.34094000
C        +3.06527000        +1.53457000        +4.81539000
C        +1.96614000        +0.64807000        +4.16501000
O        +1.65031000        +1.37769000        +2.96863000
H        +0.30002000        +2.92892000        +5.48139000
H        +0.86114000        +0.76064000        +6.07647000
H        -2.66558000        -1.22571000        +3.85943000
H        -3.73885000        +3.15628000        +4.39645000
H        +3.39425000        +3.37888000        +3.66044000
H        +2.50427000        +3.66594000        +5.15890000
H        +4.04373000        +1.25100000        +4.42400000
H        +3.09550000        +1.42844000        +5.90167000
H        -2.18957000        -0.93659000        +2.15302000
H        -1.35871000        -2.18591000        +3.13143000
H        -4.01664000        +1.67729000        +5.36910000
H        -3.60929000        +1.55806000        +3.62744000
C        +2.37641000        -0.77161000        +3.84427000
H        +3.28502000        -0.76572000        +3.23873000
H        +2.57181000        -1.32953000        +4.76318000
H        +1.59526000        -1.28790000        +3.28367000
H        +1.05461000        +3.44049000        +2.93175000
@C        +0.22270000        +1.04488000        +0.58595000
@C        +0.62626000        -0.41353000        +0.99871000
@C        -1.18200000        +1.23223000        +0.04377000
@C        -0.37457000        -1.51643000        +0.72333000
@O        -2.09172000        +0.78832000        +0.93966000
@O        -1.47336000        +1.75939000        -0.99882000
@O        -0.91364000        -1.42792000        -0.50620000
@O        -0.62208000        -2.40877000        +1.49911000
@C        -1.86134000        -2.44741000        -0.86560000
@C        -3.47068000        +0.87492000        +0.53920000
@C        +1.33008000        +1.39974000        -0.43491000
@C        +2.63070000        +1.71700000        +0.32855000
@C        +3.04336000        +0.29351000        +0.80300000
@C        +1.94423000        -0.59299000        +0.15262000
@O        +1.62840000        +0.13663000        -1.04376000
@H        +0.27811000        +1.68786000        +1.46900000
@H        +0.83923000        -0.48042000        +2.06408000
@H        -2.68749000        -2.46677000        -0.15296000
@H        -3.76076000        +1.91522000        +0.38406000
@H        +3.37234000        +2.13782000        -0.35195000
@H        +2.48236000        +2.42488000        +1.14651000
@H        +4.02182000        +0.00994000        +0.41161000
@H        +3.07359000        +0.18738000        +1.88928000
@H        -2.21148000        -2.17765000        -1.85937000
@H        -1.38062000        -3.42697000        -0.88096000
@H        -4.03855000        +0.43623000        +1.35671000
@H        -3.63120000        +0.31700000        -0.38495000
@C        +2.35450000        -2.01267000        -0.16812000
@H        +3.26311000        -2.00678000        -0.77366000
@H        +2.54990000        -2.57059000        +0.75079000
@H        +1.57335000        -2.52896000        -0.72872000
@H        +1.03270000        +2.19943000        -1.08064000
$end

$rem
JOBTYPE                   SP
METHOD                    B3LYP
DFT_D                     d3_op
BASIS                     6-311++G(d,p)
SYMMETRY                  False
THRESH                    12
SCF_CONVERGENCE           8
MAX_SUB_FILE_NUM          128
MEM_STATIC                400
MEM_TOTAL                 4000
$end
