3.000       1235.7417822
3.500        424.2071519
3.700        256.6385213
3.900        145.2863106
4.000        105.6056763
4.100         74.3481674
4.200         50.0280666
4.300         31.3692239
4.400         17.3057131
4.500          6.9424228
4.600         -0.4856648
4.700         -5.6350294
4.800         -9.0484667
4.900        -11.1600242
5.000        -12.3073409
5.100        -12.7452216
5.200        -12.6955997
5.300        -12.3371403
5.400        -11.7391829
5.500        -10.9698593
5.600        -10.1363684
5.700         -9.3414724
5.800         -8.6049149
5.900         -7.8678849
6.000         -7.1446650
6.500         -4.4737450
7.000         -2.9613264
8.000         -1.4715658
10.000         -0.4917559
