0.000  0.000     -807.1301241
0.000  0.175     -807.1301776
0.000  0.349     -807.1295356
0.000  0.524     -807.1282011
0.000  0.698     -807.1262311
0.000  0.873     -807.1243485
0.000  1.047     -807.1236000
0.000  1.222     -807.1234657
0.000  1.396     -807.1237494
0.000  1.571     -807.1244321
0.000  1.745     -807.1255338
0.000  1.920     -807.1267084
0.000  2.094     -807.1281211
0.000  2.269     -807.1291640
0.000  2.443     -807.1296249
0.000  2.618     -807.1295949
0.000  2.793     -807.1292138
0.000  2.967     -807.1286320
0.000  3.142     -807.1279694
0.000  3.316     -807.1271525
0.000  3.491     -807.1260673
0.000  3.665     -807.1248920
0.000  3.840     -807.1236962
0.000  4.014     -807.1230236
0.000  4.189     -807.1232373
0.000  4.363     -807.1241421
0.000  4.538     -807.1253952
0.000  4.712     -807.1265421
0.000  4.887     -807.1274921
0.000  5.061     -807.1282070
0.000  5.236     -807.1284894
0.000  5.411     -807.1287250
0.000  5.585     -807.1291127
0.000  5.760     -807.1294543
0.000  5.934     -807.1297639
0.000  6.109     -807.1299807
0.175  0.000     -807.1292420
0.175  0.175     -807.1288701
0.175  0.349     -807.1277030
0.175  0.524     -807.1256639
0.175  0.698     -807.1230000
0.175  0.873     -807.1211844
0.175  1.047     -807.1214970
0.175  1.222     -807.1222425
0.175  1.396     -807.1232408
0.175  1.571     -807.1242743
0.175  1.745     -807.1257143
0.175  1.920     -807.1272430
0.175  2.094     -807.1286588
0.175  2.269     -807.1296339
0.175  2.443     -807.1299661
0.175  2.618     -807.1297414
0.175  2.793     -807.1291604
0.175  2.967     -807.1282738
0.175  3.142     -807.1271967
0.175  3.316     -807.1259156
0.175  3.491     -807.1242063
0.175  3.665     -807.1223600
0.175  3.840     -807.1206288
0.175  4.014     -807.1195965
0.175  4.189     -807.1202894
0.175  4.363     -807.1223530
0.175  4.538     -807.1246706
0.175  4.712     -807.1265947
0.175  4.887     -807.1278372
0.175  5.061     -807.1286817
0.175  5.236     -807.1290788
0.175  5.411     -807.1293206
0.175  5.585     -807.1294527
0.175  5.760     -807.1295691
0.175  5.934     -807.1296842
0.175  6.109     -807.1294107
0.349  0.000     -807.1266662
0.349  0.175     -807.1258594
0.349  0.349     -807.1244395
0.349  0.524     -807.1219215
0.349  0.698     -807.1187354
0.349  0.873     -807.1181779
0.349  1.047     -807.1198468
0.349  1.222     -807.1212350
0.349  1.396     -807.1225653
0.349  1.571     -807.1238845
0.349  1.745     -807.1253198
0.349  1.920     -807.1267876
0.349  2.094     -807.1278872
0.349  2.269     -807.1285505
0.349  2.443     -807.1286050
0.349  2.618     -807.1281021
0.349  2.793     -807.1272601
0.349  2.967     -807.1261059
0.349  3.142     -807.1247309
0.349  3.316     -807.1231522
0.349  3.491     -807.1210501
0.349  3.665     -807.1186281
0.349  3.840     -807.1164618
0.349  4.014     -807.1156596
0.349  4.189     -807.1179021
0.349  4.363     -807.1214058
0.349  4.538     -807.1243207
0.349  4.712     -807.1264285
0.349  4.887     -807.1275763
0.349  5.061     -807.1281765
0.349  5.236     -807.1283478
0.349  5.411     -807.1282264
0.349  5.585     -807.1280306
0.349  5.760     -807.1278795
0.349  5.934     -807.1276941
0.349  6.109     -807.1271867
0.524  0.000     -807.1226639
0.524  0.175     -807.1216223
0.524  0.349     -807.1198686
0.524  0.524     -807.1171368
0.524  0.698     -807.1142308
0.524  0.873     -807.1167605
0.524  1.047     -807.1190144
0.524  1.222     -807.1208361
0.524  1.396     -807.1221815
0.524  1.571     -807.1237069
0.524  1.745     -807.1248187
0.524  1.920     -807.1256304
0.524  2.094     -807.1261045
0.524  2.269     -807.1262549
0.524  2.443     -807.1258948
0.524  2.618     -807.1250249
0.524  2.793     -807.1238631
0.524  2.967     -807.1224687
0.524  3.142     -807.1208786
0.524  3.316     -807.1191015
0.524  3.491     -807.1167513
0.524  3.665     -807.1139353
0.524  3.840     -807.1117301
0.524  4.014     -807.1132467
0.524  4.189     -807.1176722
0.524  4.363     -807.1215442
0.524  4.538     -807.1244201
0.524  4.712     -807.1262582
0.524  4.887     -807.1270388
0.524  5.061     -807.1270733
0.524  5.236     -807.1266387
0.524  5.411     -807.1259968
0.524  5.585     -807.1252854
0.524  5.760     -807.1247178
0.524  5.934     -807.1242644
0.524  6.109     -807.1235220
0.698  0.000     -807.1178421
0.698  0.175     -807.1165590
0.698  0.349     -807.1146922
0.698  0.524     -807.1118665
0.698  0.698     -807.1141404
0.698  0.873     -807.1170405
0.698  1.047     -807.1194540
0.698  1.222     -807.1211374
0.698  1.396     -807.1228719
0.698  1.571     -807.1235452
0.698  1.745     -807.1241856
0.698  1.920     -807.1242591
0.698  2.094     -807.1238076
0.698  2.269     -807.1232152
0.698  2.443     -807.1223593
0.698  2.618     -807.1211003
0.698  2.793     -807.1195731
0.698  2.967     -807.1178938
0.698  3.142     -807.1160838
0.698  3.316     -807.1141572
0.698  3.491     -807.1117184
0.698  3.665     -807.1088692
0.698  3.840     -807.1101416
0.698  4.014     -807.1149207
0.698  4.189     -807.1194383
0.698  4.363     -807.1228944
0.698  4.538     -807.1251756
0.698  4.712     -807.1262902
0.698  4.887     -807.1263204
0.698  5.061     -807.1256233
0.698  5.236     -807.1245187
0.698  5.411     -807.1231374
0.698  5.585     -807.1218598
0.698  5.760     -807.1208109
0.698  5.934     -807.1200108
0.698  6.109     -807.1190453
0.873  0.000     -807.1126945
0.873  0.175     -807.1113771
0.873  0.349     -807.1094260
0.873  0.524     -807.1118610
0.873  0.698     -807.1157635
0.873  0.873     -807.1185457
0.873  1.047     -807.1207723
0.873  1.222     -807.1222268
0.873  1.396     -807.1236435
0.873  1.571     -807.1236874
0.873  1.745     -807.1232790
0.873  1.920     -807.1226000
0.873  2.094     -807.1213580
0.873  2.269     -807.1198795
0.873  2.443     -807.1183980
0.873  2.618     -807.1167002
0.873  2.793     -807.1148184
0.873  2.967     -807.1128799
0.873  3.142     -807.1108991
0.873  3.316     -807.1088890
0.873  3.491     -807.1064933
0.873  3.665     -807.1040080
0.873  3.840     -807.1126038
0.873  4.014     -807.1174806
0.873  4.189     -807.1215124
0.873  4.363     -807.1244002
0.873  4.538     -807.1260498
0.873  4.712     -807.1264440
0.873  4.887     -807.1256641
0.873  5.061     -807.1241422
0.873  5.236     -807.1222360
0.873  5.411     -807.1201081
0.873  5.585     -807.1182806
0.873  5.760     -807.1167808
0.873  5.934     -807.1154923
0.873  6.109     -807.1142013
1.047  0.000     -807.1078400
1.047  0.175     -807.1065691
1.047  0.349     -807.1047128
1.047  0.524     -807.1143208
1.047  0.698     -807.1176929
1.047  0.873     -807.1203790
1.047  1.047     -807.1223567
1.047  1.222     -807.1235264
1.047  1.396     -807.1242302
1.047  1.571     -807.1237869
1.047  1.745     -807.1224257
1.047  1.920     -807.1208017
1.047  2.094     -807.1188315
1.047  2.269     -807.1165622
1.047  2.443     -807.1143051
1.047  2.618     -807.1121381
1.047  2.793     -807.1099824
1.047  2.967     -807.1078563
1.047  3.142     -807.1057375
1.047  3.316     -807.1036833
1.047  3.491     -807.1014857
1.047  3.665     -807.1101183
1.047  3.840     -807.1153103
1.047  4.014     -807.1199951
1.047  4.189     -807.1236276
1.047  4.363     -807.1259330
1.047  4.538     -807.1268356
1.047  4.712     -807.1264954
1.047  4.887     -807.1250286
1.047  5.061     -807.1227788
1.047  5.236     -807.1200931
1.047  5.411     -807.1173759
1.047  5.585     -807.1149754
1.047  5.760     -807.1130355
1.047  5.934     -807.1111352
1.047  6.109     -807.1095242
1.222  0.000     -807.1038989
1.222  0.175     -807.1026731
1.222  0.349     -807.1121888
1.222  0.524     -807.1163412
1.222  0.698     -807.1196930
1.222  0.873     -807.1222091
1.222  1.047     -807.1238862
1.222  1.222     -807.1247723
1.222  1.396     -807.1248378
1.222  1.571     -807.1236651
1.222  1.745     -807.1217261
1.222  1.920     -807.1192583
1.222  2.094     -807.1166445
1.222  2.269     -807.1138278
1.222  2.443     -807.1108221
1.222  2.618     -807.1079121
1.222  2.793     -807.1054890
1.222  2.967     -807.1033641
1.222  3.142     -807.1014553
1.222  3.316     -807.1020831
1.222  3.491     -807.1070497
1.222  3.665     -807.1123169
1.222  3.840     -807.1174477
1.222  4.014     -807.1219791
1.222  4.189     -807.1253591
1.222  4.363     -807.1272376
1.222  4.538     -807.1275173
1.222  4.712     -807.1264570
1.222  4.887     -807.1243397
1.222  5.061     -807.1214599
1.222  5.236     -807.1182629
1.222  5.411     -807.1150833
1.222  5.585     -807.1123830
1.222  5.760     -807.1098159
1.222  5.934     -807.1075324
1.222  6.109     -807.1057891
1.396  0.000     -807.1033616
1.396  0.175     -807.1091253
1.396  0.349     -807.1141199
1.396  0.524     -807.1181852
1.396  0.698     -807.1213954
1.396  0.873     -807.1236274
1.396  1.047     -807.1251058
1.396  1.222     -807.1256923
1.396  1.396     -807.1252826
1.396  1.571     -807.1235608
1.396  1.745     -807.1211628
1.396  1.920     -807.1180896
1.396  2.094     -807.1147988
1.396  2.269     -807.1113999
1.396  2.443     -807.1080406
1.396  2.618     -807.1049488
1.396  2.793     -807.1022537
1.396  2.967     -807.1004318
1.396  3.142     -807.1004064
1.396  3.316     -807.1042020
1.396  3.491     -807.1090773
1.396  3.665     -807.1142367
1.396  3.840     -807.1192172
1.396  4.014     -807.1235603
1.396  4.189     -807.1266841
1.396  4.363     -807.1281870
1.396  4.538     -807.1279583
1.396  4.712     -807.1262939
1.396  4.887     -807.1236409
1.396  5.061     -807.1203805
1.396  5.236     -807.1168579
1.396  5.411     -807.1134296
1.396  5.585     -807.1104340
1.396  5.760     -807.1077041
1.396  5.934     -807.1053136
1.396  6.109     -807.1031374
1.571  0.000     -807.1056602
1.571  0.175     -807.1112283
1.571  0.349     -807.1160548
1.571  0.524     -807.1199448
1.571  0.698     -807.1228757
1.571  0.873     -807.1249122
1.571  1.047     -807.1261211
1.571  1.222     -807.1263314
1.571  1.396     -807.1255814
1.571  1.571     -807.1235387
1.571  1.745     -807.1207501
1.571  1.920     -807.1173241
1.571  2.094     -807.1136913
1.571  2.269     -807.1100544
1.571  2.443     -807.1065890
1.571  2.618     -807.1036508
1.571  2.793     -807.1013596
1.571  2.967     -807.1007097
1.571  3.142     -807.1023977
1.571  3.316     -807.1063449
1.571  3.491     -807.1111380
1.571  3.665     -807.1160863
1.571  3.840     -807.1208511
1.571  4.014     -807.1249354
1.571  4.189     -807.1278313
1.571  4.363     -807.1290394
1.571  4.538     -807.1283713
1.571  4.712     -807.1261277
1.571  4.887     -807.1230146
1.571  5.061     -807.1195918
1.571  5.236     -807.1160320
1.571  5.411     -807.1124361
1.571  5.585     -807.1091362
1.571  5.760     -807.1065870
1.571  5.934     -807.1040695
1.571  6.109     -807.1027078
1.745  0.000     -807.1081514
1.745  0.175     -807.1134714
1.745  0.349     -807.1180910
1.745  0.524     -807.1217444
1.745  0.698     -807.1243981
1.745  0.873     -807.1262345
1.745  1.047     -807.1269949
1.745  1.222     -807.1269715
1.745  1.396     -807.1258394
1.745  1.571     -807.1235769
1.745  1.745     -807.1205116
1.745  1.920     -807.1169566
1.745  2.094     -807.1133173
1.745  2.269     -807.1097567
1.745  2.443     -807.1065148
1.745  2.618     -807.1039264
1.745  2.793     -807.1025914
1.745  2.967     -807.1024935
1.745  3.142     -807.1046427
1.745  3.316     -807.1085369
1.745  3.491     -807.1131865
1.745  3.665     -807.1178358
1.745  3.840     -807.1222731
1.745  4.014     -807.1260553
1.745  4.189     -807.1287340
1.745  4.363     -807.1296997
1.745  4.538     -807.1287825
1.745  4.712     -807.1260673
1.745  4.887     -807.1225339
1.745  5.061     -807.1190658
1.745  5.236     -807.1156125
1.745  5.411     -807.1122023
1.745  5.585     -807.1090253
1.745  5.760     -807.1065740
1.745  5.934     -807.1047274
1.745  6.109     -807.1039558
1.920  0.000     -807.1108666
1.920  0.175     -807.1157921
1.920  0.349     -807.1201045
1.920  0.524     -807.1234450
1.920  0.698     -807.1257469
1.920  0.873     -807.1273289
1.920  1.047     -807.1277677
1.920  1.222     -807.1272846
1.920  1.396     -807.1260709
1.920  1.571     -807.1235873
1.920  1.745     -807.1204678
1.920  1.920     -807.1170242
1.920  2.094     -807.1136094
1.920  2.269     -807.1103451
1.920  2.443     -807.1074871
1.920  2.618     -807.1055024
1.920  2.793     -807.1048573
1.920  2.967     -807.1053295
1.920  3.142     -807.1075687
1.920  3.316     -807.1109052
1.920  3.491     -807.1151874
1.920  3.665     -807.1195080
1.920  3.840     -807.1235696
1.920  4.014     -807.1269715
1.920  4.189     -807.1293184
1.920  4.363     -807.1300142
1.920  4.538     -807.1289241
1.920  4.712     -807.1260820
1.920  4.887     -807.1224213
1.920  5.061     -807.1189882
1.920  5.236     -807.1157761
1.920  5.411     -807.1128505
1.920  5.585     -807.1100419
1.920  5.760     -807.1078533
1.920  5.934     -807.1064241
1.920  6.109     -807.1066246
2.094  0.000     -807.1135978
2.094  0.175     -807.1179517
2.094  0.349     -807.1218189
2.094  0.524     -807.1248629
2.094  0.698     -807.1267175
2.094  0.873     -807.1278728
2.094  1.047     -807.1281506
2.094  1.222     -807.1272028
2.094  1.396     -807.1259680
2.094  1.571     -807.1234857
2.094  1.745     -807.1206094
2.094  1.920     -807.1175034
2.094  2.094     -807.1144881
2.094  2.269     -807.1118017
2.094  2.443     -807.1095844
2.094  2.618     -807.1082582
2.094  2.793     -807.1079117
2.094  2.967     -807.1086652
2.094  3.142     -807.1107716
2.094  3.316     -807.1135951
2.094  3.491     -807.1170662
2.094  3.665     -807.1208551
2.094  3.840     -807.1244439
2.094  4.014     -807.1274303
2.094  4.189     -807.1294292
2.094  4.363     -807.1299119
2.094  4.538     -807.1287162
2.094  4.712     -807.1259329
2.094  4.887     -807.1225998
2.094  5.061     -807.1193588
2.094  5.236     -807.1164874
2.094  5.411     -807.1140630
2.094  5.585     -807.1118437
2.094  5.760     -807.1100127
2.094  5.934     -807.1091489
2.094  6.109     -807.1099296
2.269  0.000     -807.1165464
2.269  0.175     -807.1202094
2.269  0.349     -807.1234459
2.269  0.524     -807.1258590
2.269  0.698     -807.1273230
2.269  0.873     -807.1276494
2.269  1.047     -807.1276982
2.269  1.222     -807.1265125
2.269  1.396     -807.1252301
2.269  1.571     -807.1231501
2.269  1.745     -807.1208097
2.269  1.920     -807.1182452
2.269  2.094     -807.1158877
2.269  2.269     -807.1139155
2.269  2.443     -807.1123609
2.269  2.618     -807.1115525
2.269  2.793     -807.1114611
2.269  2.967     -807.1122232
2.269  3.142     -807.1139178
2.269  3.316     -807.1162904
2.269  3.491     -807.1189517
2.269  3.665     -807.1219544
2.269  3.840     -807.1248389
2.269  4.014     -807.1273057
2.269  4.189     -807.1289132
2.269  4.363     -807.1292048
2.269  4.538     -807.1280109
2.269  4.712     -807.1255658
2.269  4.887     -807.1228386
2.269  5.061     -807.1201863
2.269  5.236     -807.1177753
2.269  5.411     -807.1157141
2.269  5.585     -807.1140894
2.269  5.760     -807.1128523
2.269  5.934     -807.1125190
2.269  6.109     -807.1134994
2.443  0.000     -807.1195846
2.443  0.175     -807.1224257
2.443  0.349     -807.1248713
2.443  0.524     -807.1265084
2.443  0.698     -807.1272220
2.443  0.873     -807.1271124
2.443  1.047     -807.1263998
2.443  1.222     -807.1251390
2.443  1.396     -807.1239120
2.443  1.571     -807.1224403
2.443  1.745     -807.1208332
2.443  1.920     -807.1190748
2.443  2.094     -807.1176194
2.443  2.269     -807.1163956
2.443  2.443     -807.1154584
2.443  2.618     -807.1150268
2.443  2.793     -807.1151121
2.443  2.967     -807.1157661
2.443  3.142     -807.1169812
2.443  3.316     -807.1187629
2.443  3.491     -807.1208041
2.443  3.665     -807.1229796
2.443  3.840     -807.1249665
2.443  4.014     -807.1266735
2.443  4.189     -807.1278258
2.443  4.363     -807.1279133
2.443  4.538     -807.1268102
2.443  4.712     -807.1249746
2.443  4.887     -807.1231511
2.443  5.061     -807.1212917
2.443  5.236     -807.1194510
2.443  5.411     -807.1179441
2.443  5.585     -807.1168624
2.443  5.760     -807.1161671
2.443  5.934     -807.1162243
2.443  6.109     -807.1171732
2.618  0.000     -807.1224855
2.618  0.175     -807.1244369
2.618  0.349     -807.1259450
2.618  0.524     -807.1266374
2.618  0.698     -807.1264708
2.618  0.873     -807.1257416
2.618  1.047     -807.1246895
2.618  1.222     -807.1234352
2.618  1.396     -807.1224426
2.618  1.571     -807.1214593
2.618  1.745     -807.1205408
2.618  1.920     -807.1200160
2.618  2.094     -807.1197134
2.618  2.269     -807.1192542
2.618  2.443     -807.1188015
2.618  2.618     -807.1186154
2.618  2.793     -807.1187741
2.618  2.967     -807.1192300
2.618  3.142     -807.1199415
2.618  3.316     -807.1209494
2.618  3.491     -807.1222093
2.618  3.665     -807.1236324
2.618  3.840     -807.1248023
2.618  4.014     -807.1256957
2.618  4.189     -807.1264133
2.618  4.363     -807.1264284
2.618  4.538     -807.1257098
2.618  4.712     -807.1246499
2.618  4.887     -807.1236494
2.618  5.061     -807.1227001
2.618  5.236     -807.1213697
2.618  5.411     -807.1207969
2.618  5.585     -807.1200203
2.618  5.760     -807.1196929
2.618  5.934     -807.1199211
2.618  6.109     -807.1206638
2.793  0.000     -807.1250339
2.793  0.175     -807.1262240
2.793  0.349     -807.1268426
2.793  0.524     -807.1265753
2.793  0.698     -807.1254534
2.793  0.873     -807.1239116
2.793  1.047     -807.1227373
2.793  1.222     -807.1217482
2.793  1.396     -807.1211762
2.793  1.571     -807.1205333
2.793  1.745     -807.1206237
2.793  1.920     -807.1213059
2.793  2.094     -807.1217945
2.793  2.269     -807.1219753
2.793  2.443     -807.1219825
2.793  2.618     -807.1219720
2.793  2.793     -807.1220674
2.793  2.967     -807.1222267
2.793  3.142     -807.1225232
2.793  3.316     -807.1229225
2.793  3.491     -807.1232765
2.793  3.665     -807.1236842
2.793  3.840     -807.1241685
2.793  4.014     -807.1244426
2.793  4.189     -807.1248468
2.793  4.363     -807.1250624
2.793  4.538     -807.1248131
2.793  4.712     -807.1246091
2.793  4.887     -807.1246125
2.793  5.061     -807.1243095
2.793  5.236     -807.1235795
2.793  5.411     -807.1235045
2.793  5.585     -807.1232915
2.793  5.760     -807.1230745
2.793  5.934     -807.1233164
2.793  6.109     -807.1237451
2.967  0.000     -807.1269107
2.967  0.175     -807.1273191
2.967  0.349     -807.1270532
2.967  0.524     -807.1259627
2.967  0.698     -807.1240992
2.967  0.873     -807.1223088
2.967  1.047     -807.1212061
2.967  1.222     -807.1206234
2.967  1.396     -807.1203056
2.967  1.571     -807.1204026
2.967  1.745     -807.1212247
2.967  1.920     -807.1224923
2.967  2.094     -807.1236737
2.967  2.269     -807.1244931
2.967  2.443     -807.1248670
2.967  2.618     -807.1248520
2.967  2.793     -807.1246917
2.967  2.967     -807.1245471
2.967  3.142     -807.1244039
2.967  3.316     -807.1242201
2.967  3.491     -807.1240363
2.967  3.665     -807.1235304
2.967  3.840     -807.1229951
2.967  4.014     -807.1231585
2.967  4.189     -807.1233990
2.967  4.363     -807.1239305
2.967  4.538     -807.1242674
2.967  4.712     -807.1247586
2.967  4.887     -807.1253675
2.967  5.061     -807.1256083
2.967  5.236     -807.1258961
2.967  5.411     -807.1256902
2.967  5.585     -807.1255916
2.967  5.760     -807.1257397
2.967  5.934     -807.1259310
2.967  6.109     -807.1261391
3.142  0.000     -807.1278462
3.142  0.175     -807.1275745
3.142  0.349     -807.1265428
3.142  0.524     -807.1247234
3.142  0.698     -807.1224362
3.142  0.873     -807.1208123
3.142  1.047     -807.1202150
3.142  1.222     -807.1201312
3.142  1.396     -807.1202099
3.142  1.571     -807.1206885
3.142  1.745     -807.1222097
3.142  1.920     -807.1236871
3.142  2.094     -807.1252629
3.142  2.269     -807.1263797
3.142  2.443     -807.1267711
3.142  2.618     -807.1266295
3.142  2.793     -807.1263436
3.142  2.967     -807.1259159
3.142  3.142     -807.1254138
3.142  3.316     -807.1245457
3.142  3.491     -807.1235512
3.142  3.665     -807.1226667
3.142  3.840     -807.1219599
3.142  4.014     -807.1216013
3.142  4.189     -807.1222445
3.142  4.363     -807.1230554
3.142  4.538     -807.1241913
3.142  4.712     -807.1253717
3.142  4.887     -807.1263744
3.142  5.061     -807.1268892
3.142  5.236     -807.1269143
3.142  5.411     -807.1269568
3.142  5.585     -807.1269974
3.142  5.760     -807.1273529
3.142  5.934     -807.1272984
3.142  6.109     -807.1274542
3.316  0.000     -807.1275748
3.316  0.175     -807.1268120
3.316  0.349     -807.1251885
3.316  0.524     -807.1229199
3.316  0.698     -807.1205206
3.316  0.873     -807.1193626
3.316  1.047     -807.1195342
3.316  1.222     -807.1199326
3.316  1.396     -807.1204002
3.316  1.571     -807.1214420
3.316  1.745     -807.1229987
3.316  1.920     -807.1249085
3.316  2.094     -807.1263512
3.316  2.269     -807.1274502
3.316  2.443     -807.1278487
3.316  2.618     -807.1274925
3.316  2.793     -807.1267145
3.316  2.967     -807.1259415
3.316  3.142     -807.1250326
3.316  3.316     -807.1238616
3.316  3.491     -807.1224581
3.316  3.665     -807.1211378
3.316  3.840     -807.1201468
3.316  4.014     -807.1200247
3.316  4.189     -807.1210003
3.316  4.363     -807.1226871
3.316  4.538     -807.1244913
3.316  4.712     -807.1261447
3.316  4.887     -807.1273319
3.316  5.061     -807.1278447
3.316  5.236     -807.1277530
3.316  5.411     -807.1276147
3.316  5.585     -807.1276457
3.316  5.760     -807.1278602
3.316  5.934     -807.1275546
3.316  6.109     -807.1275222
3.491  0.000     -807.1262456
3.491  0.175     -807.1250926
3.491  0.349     -807.1230961
3.491  0.524     -807.1206244
3.491  0.698     -807.1183119
3.491  0.873     -807.1178873
3.491  1.047     -807.1188868
3.491  1.222     -807.1197905
3.491  1.396     -807.1209296
3.491  1.571     -807.1223177
3.491  1.745     -807.1241612
3.491  1.920     -807.1260191
3.491  2.094     -807.1272793
3.491  2.269     -807.1279858
3.491  2.443     -807.1279016
3.491  2.618     -807.1272825
3.491  2.793     -807.1263173
3.491  2.967     -807.1251841
3.491  3.142     -807.1239393
3.491  3.316     -807.1224478
3.491  3.491     -807.1206229
3.491  3.665     -807.1191091
3.491  3.840     -807.1181173
3.491  4.014     -807.1181728
3.491  4.189     -807.1199023
3.491  4.363     -807.1224253
3.491  4.538     -807.1249141
3.491  4.712     -807.1268902
3.491  4.887     -807.1280425
3.491  5.061     -807.1283417
3.491  5.236     -807.1281608
3.491  5.411     -807.1278634
3.491  5.585     -807.1275207
3.491  5.760     -807.1274250
3.491  5.934     -807.1269050
3.491  6.109     -807.1265786
3.665  0.000     -807.1239572
3.665  0.175     -807.1225292
3.665  0.349     -807.1203037
3.665  0.524     -807.1176518
3.665  0.698     -807.1155269
3.665  0.873     -807.1167567
3.665  1.047     -807.1187950
3.665  1.222     -807.1205352
3.665  1.396     -807.1221931
3.665  1.571     -807.1238358
3.665  1.745     -807.1253101
3.665  1.920     -807.1267604
3.665  2.094     -807.1275332
3.665  2.269     -807.1275106
3.665  2.443     -807.1271228
3.665  2.618     -807.1261590
3.665  2.793     -807.1247752
3.665  2.967     -807.1234081
3.665  3.142     -807.1220277
3.665  3.316     -807.1203075
3.665  3.491     -807.1183140
3.665  3.665     -807.1165242
3.665  3.840     -807.1153793
3.665  4.014     -807.1162920
3.665  4.189     -807.1195958
3.665  4.363     -807.1234516
3.665  4.538     -807.1262669
3.665  4.712     -807.1280312
3.665  4.887     -807.1288034
3.665  5.061     -807.1287476
3.665  5.236     -807.1281352
3.665  5.411     -807.1272246
3.665  5.585     -807.1265857
3.665  5.760     -807.1261929
3.665  5.934     -807.1254209
3.665  6.109     -807.1247064
3.840  0.000     -807.1207805
3.840  0.175     -807.1191818
3.840  0.349     -807.1168393
3.840  0.524     -807.1140442
3.840  0.698     -807.1145816
3.840  0.873     -807.1177879
3.840  1.047     -807.1204024
3.840  1.222     -807.1225189
3.840  1.396     -807.1242466
3.840  1.571     -807.1255964
3.840  1.745     -807.1263613
3.840  1.920     -807.1268834
3.840  2.094     -807.1269566
3.840  2.269     -807.1265038
3.840  2.443     -807.1254809
3.840  2.618     -807.1241302
3.840  2.793     -807.1225220
3.840  2.967     -807.1208863
3.840  3.142     -807.1192097
3.840  3.316     -807.1173000
3.840  3.491     -807.1152768
3.840  3.665     -807.1132697
3.840  3.840     -807.1126789
3.840  4.014     -807.1177054
3.840  4.189     -807.1222217
3.840  4.363     -807.1257930
3.840  4.538     -807.1281231
3.840  4.712     -807.1291689
3.840  4.887     -807.1293528
3.840  5.061     -807.1287047
3.840  5.236     -807.1274307
3.840  5.411     -807.1258958
3.840  5.585     -807.1248422
3.840  5.760     -807.1240587
3.840  5.934     -807.1229943
3.840  6.109     -807.1219239
4.014  0.000     -807.1166960
4.014  0.175     -807.1150270
4.014  0.349     -807.1126880
4.014  0.524     -807.1098343
4.014  0.698     -807.1170894
4.014  0.873     -807.1203556
4.014  1.047     -807.1228938
4.014  1.222     -807.1249012
4.014  1.396     -807.1261647
4.014  1.571     -807.1268126
4.014  1.745     -807.1266789
4.014  1.920     -807.1262130
4.014  2.094     -807.1254643
4.014  2.269     -807.1242575
4.014  2.443     -807.1228926
4.014  2.618     -807.1211732
4.014  2.793     -807.1192643
4.014  2.967     -807.1173828
4.014  3.142     -807.1155334
4.014  3.316     -807.1135717
4.014  3.491     -807.1114407
4.014  3.665     -807.1091644
4.014  3.840     -807.1157226
4.014  4.014     -807.1208475
4.014  4.189     -807.1250110
4.014  4.363     -807.1279212
4.014  4.538     -807.1294960
4.014  4.712     -807.1297251
4.014  4.887     -807.1290368
4.014  5.061     -807.1276180
4.014  5.236     -807.1257180
4.014  5.411     -807.1236761
4.014  5.585     -807.1221394
4.014  5.760     -807.1208228
4.014  5.934     -807.1193698
4.014  6.109     -807.1180387
4.189  0.000     -807.1118380
4.189  0.175     -807.1100791
4.189  0.349     -807.1077388
4.189  0.524     -807.1159172
4.189  0.698     -807.1197000
4.189  0.873     -807.1227909
4.189  1.047     -807.1251087
4.189  1.222     -807.1266682
4.189  1.396     -807.1272904
4.189  1.571     -807.1270854
4.189  1.745     -807.1260927
4.189  1.920     -807.1246379
4.189  2.094     -807.1230117
4.189  2.269     -807.1211054
4.189  2.443     -807.1192519
4.189  2.618     -807.1172455
4.189  2.793     -807.1150617
4.189  2.967     -807.1129834
4.189  3.142     -807.1109819
4.189  3.316     -807.1089104
4.189  3.491     -807.1065725
4.189  3.665     -807.1128676
4.189  3.840     -807.1181384
4.189  4.014     -807.1229870
4.189  4.189     -807.1268879
4.189  4.363     -807.1292664
4.189  4.538     -807.1300921
4.189  4.712     -807.1295500
4.189  4.887     -807.1279375
4.189  5.061     -807.1256852
4.189  5.236     -807.1230715
4.189  5.411     -807.1205398
4.189  5.585     -807.1184002
4.189  5.760     -807.1165839
4.189  5.934     -807.1148050
4.189  6.109     -807.1132489
4.363  0.000     -807.1062377
4.363  0.175     -807.1043983
4.363  0.349     -807.1133304
4.363  0.524     -807.1178958
4.363  0.698     -807.1216717
4.363  0.873     -807.1245626
4.363  1.047     -807.1266021
4.363  1.222     -807.1276573
4.363  1.396     -807.1276462
4.363  1.571     -807.1266145
4.363  1.745     -807.1247738
4.363  1.920     -807.1224363
4.363  2.094     -807.1199042
4.363  2.269     -807.1172790
4.363  2.443     -807.1148030
4.363  2.618     -807.1123492
4.363  2.793     -807.1099036
4.363  2.967     -807.1076479
4.363  3.142     -807.1055382
4.363  3.316     -807.1034034
4.363  3.491     -807.1093636
4.363  3.665     -807.1144112
4.363  3.840     -807.1195512
4.363  4.014     -807.1242283
4.363  4.189     -807.1277658
4.363  4.363     -807.1298425
4.363  4.538     -807.1302081
4.363  4.712     -807.1289161
4.363  4.887     -807.1263952
4.363  5.061     -807.1233507
4.363  5.236     -807.1200276
4.363  5.411     -807.1168459
4.363  5.585     -807.1140582
4.363  5.760     -807.1116580
4.363  5.934     -807.1095439
4.363  6.109     -807.1077599
4.538  0.000     -807.1007539
4.538  0.175     -807.1096456
4.538  0.349     -807.1148907
4.538  0.524     -807.1193495
4.538  0.698     -807.1228824
4.538  0.873     -807.1254441
4.538  1.047     -807.1271235
4.538  1.222     -807.1277725
4.538  1.396     -807.1273191
4.538  1.571     -807.1256229
4.538  1.745     -807.1231282
4.538  1.920     -807.1201005
4.538  2.094     -807.1167519
4.538  2.269     -807.1134117
4.538  2.443     -807.1102588
4.538  2.618     -807.1072790
4.538  2.793     -807.1045474
4.538  2.967     -807.1022895
4.538  3.142     -807.1030041
4.538  3.316     -807.1064427
4.538  3.491     -807.1108587
4.538  3.665     -807.1157918
4.538  3.840     -807.1206951
4.538  4.014     -807.1250103
4.538  4.189     -807.1282530
4.538  4.363     -807.1299192
4.538  4.538     -807.1297998
4.538  4.712     -807.1278560
4.538  4.887     -807.1248285
4.538  5.061     -807.1209295
4.538  5.236     -807.1170415
4.538  5.411     -807.1133400
4.538  5.585     -807.1100598
4.538  5.760     -807.1071395
4.538  5.934     -807.1045463
4.538  6.109     -807.1024252
4.712  0.000     -807.1056172
4.712  0.175     -807.1111269
4.712  0.349     -807.1162300
4.712  0.524     -807.1205495
4.712  0.698     -807.1237712
4.712  0.873     -807.1258936
4.712  1.047     -807.1271568
4.712  1.222     -807.1275180
4.712  1.396     -807.1268481
4.712  1.571     -807.1248986
4.712  1.745     -807.1219751
4.712  1.920     -807.1184575
4.712  2.094     -807.1147189
4.712  2.269     -807.1109503
4.712  2.443     -807.1075516
4.712  2.618     -807.1050069
4.712  2.793     -807.1035719
4.712  2.967     -807.1034051
4.712  3.142     -807.1050532
4.712  3.316     -807.1080264
4.712  3.491     -807.1123551
4.712  3.665     -807.1170463
4.712  3.840     -807.1216352
4.712  4.014     -807.1257720
4.712  4.189     -807.1286956
4.712  4.363     -807.1300289
4.712  4.538     -807.1293244
4.712  4.712     -807.1270336
4.712  4.887     -807.1234901
4.712  5.061     -807.1191061
4.712  5.236     -807.1150695
4.712  5.411     -807.1113969
4.712  5.585     -807.1080843
4.712  5.760     -807.1051611
4.712  5.934     -807.1028726
4.712  6.109     -807.1020007
4.887  0.000     -807.1077794
4.887  0.175     -807.1129630
4.887  0.349     -807.1178148
4.887  0.524     -807.1218196
4.887  0.698     -807.1247420
4.887  0.873     -807.1265621
4.887  1.047     -807.1275596
4.887  1.222     -807.1276938
4.887  1.396     -807.1268506
4.887  1.571     -807.1248058
4.887  1.745     -807.1217456
4.887  1.920     -807.1182195
4.887  2.094     -807.1146184
4.887  2.269     -807.1112377
4.887  2.443     -807.1084083
4.887  2.618     -807.1063306
4.887  2.793     -807.1052182
4.887  2.967     -807.1056829
4.887  3.142     -807.1072965
4.887  3.316     -807.1100334
4.887  3.491     -807.1139283
4.887  3.665     -807.1181192
4.887  3.840     -807.1223029
4.887  4.014     -807.1260985
4.887  4.189     -807.1288142
4.887  4.363     -807.1298745
4.887  4.538     -807.1289533
4.887  4.712     -807.1262290
4.887  4.887     -807.1224090
4.887  5.061     -807.1181610
4.887  5.236     -807.1144220
4.887  5.411     -807.1110571
4.887  5.585     -807.1081025
4.887  5.760     -807.1056005
4.887  5.934     -807.1040619
4.887  6.109     -807.1042511
5.061  0.000     -807.1103081
5.061  0.175     -807.1149621
5.061  0.349     -807.1194292
5.061  0.524     -807.1229825
5.061  0.698     -807.1254800
5.061  0.873     -807.1270187
5.061  1.047     -807.1277391
5.061  1.222     -807.1276213
5.061  1.396     -807.1265499
5.061  1.571     -807.1245135
5.061  1.745     -807.1216048
5.061  1.920     -807.1183128
5.061  2.094     -807.1149693
5.061  2.269     -807.1120958
5.061  2.443     -807.1098026
5.061  2.618     -807.1082621
5.061  2.793     -807.1076409
5.061  2.967     -807.1080669
5.061  3.142     -807.1097625
5.061  3.316     -807.1122684
5.061  3.491     -807.1154432
5.061  3.665     -807.1191968
5.061  3.840     -807.1230576
5.061  4.014     -807.1265178
5.061  4.189     -807.1288814
5.061  4.363     -807.1296371
5.061  4.538     -807.1285111
5.061  4.712     -807.1257260
5.061  4.887     -807.1220118
5.061  5.061     -807.1182132
5.061  5.236     -807.1146487
5.061  5.411     -807.1117529
5.061  5.585     -807.1092626
5.061  5.760     -807.1073050
5.061  5.934     -807.1063725
5.061  6.109     -807.1070445
5.236  0.000     -807.1131730
5.236  0.175     -807.1172261
5.236  0.349     -807.1210630
5.236  0.524     -807.1240642
5.236  0.698     -807.1260894
5.236  0.873     -807.1272951
5.236  1.047     -807.1277346
5.236  1.222     -807.1273859
5.236  1.396     -807.1264171
5.236  1.571     -807.1247703
5.236  1.745     -807.1218329
5.236  1.920     -807.1189669
5.236  2.094     -807.1161521
5.236  2.269     -807.1138543
5.236  2.443     -807.1120096
5.236  2.618     -807.1108800
5.236  2.793     -807.1105499
5.236  2.967     -807.1111618
5.236  3.142     -807.1125734
5.236  3.316     -807.1146855
5.236  3.491     -807.1174005
5.236  3.665     -807.1206344
5.236  3.840     -807.1239473
5.236  4.014     -807.1268854
5.236  4.189     -807.1289284
5.236  4.363     -807.1294016
5.236  4.538     -807.1280898
5.236  4.712     -807.1251819
5.236  4.887     -807.1214706
5.236  5.061     -807.1181329
5.236  5.236     -807.1154631
5.236  5.411     -807.1131450
5.236  5.585     -807.1111860
5.236  5.760     -807.1098288
5.236  5.934     -807.1093405
5.236  6.109     -807.1102467
5.411  0.000     -807.1164432
5.411  0.175     -807.1199253
5.411  0.349     -807.1231527
5.411  0.524     -807.1256708
5.411  0.698     -807.1271974
5.411  0.873     -807.1279558
5.411  1.047     -807.1279118
5.411  1.222     -807.1273927
5.411  1.396     -807.1264323
5.411  1.571     -807.1249519
5.411  1.745     -807.1223112
5.411  1.920     -807.1196051
5.411  2.094     -807.1175199
5.411  2.269     -807.1157546
5.411  2.443     -807.1146244
5.411  2.618     -807.1139533
5.411  2.793     -807.1137749
5.411  2.967     -807.1143654
5.411  3.142     -807.1155786
5.411  3.316     -807.1174531
5.411  3.491     -807.1197306
5.411  3.665     -807.1223485
5.411  3.840     -807.1250159
5.411  4.014     -807.1273484
5.411  4.189     -807.1288863
5.411  4.363     -807.1291507
5.411  4.538     -807.1277286
5.411  4.712     -807.1251031
5.411  4.887     -807.1219717
5.411  5.061     -807.1190965
5.411  5.236     -807.1167452
5.411  5.411     -807.1149713
5.411  5.585     -807.1136861
5.411  5.760     -807.1127524
5.411  5.934     -807.1126482
5.411  6.109     -807.1137876
5.585  0.000     -807.1200892
5.585  0.175     -807.1229087
5.585  0.349     -807.1254709
5.585  0.524     -807.1274827
5.585  0.698     -807.1283827
5.585  0.873     -807.1284135
5.585  1.047     -807.1280944
5.585  1.222     -807.1274683
5.585  1.396     -807.1265898
5.585  1.571     -807.1248408
5.585  1.745     -807.1230446
5.585  1.920     -807.1212295
5.585  2.094     -807.1196070
5.585  2.269     -807.1182867
5.585  2.443     -807.1174793
5.585  2.618     -807.1171573
5.585  2.793     -807.1174103
5.585  2.967     -807.1180903
5.585  3.142     -807.1190670
5.585  3.316     -807.1205166
5.585  3.491     -807.1221978
5.585  3.665     -807.1240439
5.585  3.840     -807.1259639
5.585  4.014     -807.1276106
5.585  4.189     -807.1287474
5.585  4.363     -807.1288452
5.585  4.538     -807.1276547
5.585  4.712     -807.1253371
5.585  4.887     -807.1225774
5.585  5.061     -807.1201284
5.585  5.236     -807.1184174
5.585  5.411     -807.1172352
5.585  5.585     -807.1161863
5.585  5.760     -807.1161321
5.585  5.934     -807.1163490
5.585  6.109     -807.1176755
5.760  0.000     -807.1237024
5.760  0.175     -807.1257971
5.760  0.349     -807.1276169
5.760  0.524     -807.1288391
5.760  0.698     -807.1290981
5.760  0.873     -807.1285934
5.760  1.047     -807.1280363
5.760  1.222     -807.1271038
5.760  1.396     -807.1261426
5.760  1.571     -807.1250821
5.760  1.745     -807.1239253
5.760  1.920     -807.1226456
5.760  2.094     -807.1218069
5.760  2.269     -807.1211138
5.760  2.443     -807.1206608
5.760  2.618     -807.1205721
5.760  2.793     -807.1209157
5.760  2.967     -807.1215761
5.760  3.142     -807.1223648
5.760  3.316     -807.1233482
5.760  3.491     -807.1243638
5.760  3.665     -807.1254119
5.760  3.840     -807.1265606
5.760  4.014     -807.1275550
5.760  4.189     -807.1282156
5.760  4.363     -807.1282283
5.760  4.538     -807.1273580
5.760  4.712     -807.1255563
5.760  4.887     -807.1235533
5.760  5.061     -807.1217713
5.760  5.236     -807.1207702
5.760  5.411     -807.1200080
5.760  5.585     -807.1195559
5.760  5.760     -807.1198567
5.760  5.934     -807.1206108
5.760  6.109     -807.1218219
5.934  0.000     -807.1270696
5.934  0.175     -807.1282135
5.934  0.349     -807.1291861
5.934  0.524     -807.1295203
5.934  0.698     -807.1290789
5.934  0.873     -807.1280619
5.934  1.047     -807.1272624
5.934  1.222     -807.1262727
5.934  1.396     -807.1254713
5.934  1.571     -807.1248379
5.934  1.745     -807.1242710
5.934  1.920     -807.1239828
5.934  2.094     -807.1240337
5.934  2.269     -807.1241378
5.934  2.443     -807.1241397
5.934  2.618     -807.1241379
5.934  2.793     -807.1243331
5.934  2.967     -807.1247554
5.934  3.142     -807.1252246
5.934  3.316     -807.1256433
5.934  3.491     -807.1260047
5.934  3.665     -807.1262930
5.934  3.840     -807.1265702
5.934  4.014     -807.1269763
5.934  4.189     -807.1272646
5.934  4.363     -807.1272877
5.934  4.538     -807.1268551
5.934  4.712     -807.1260625
5.934  4.887     -807.1250673
5.934  5.061     -807.1241811
5.934  5.236     -807.1237171
5.934  5.411     -807.1232742
5.934  5.585     -807.1234051
5.934  5.760     -807.1240756
5.934  5.934     -807.1246485
5.934  6.109     -807.1256612
6.109  0.000     -807.1293431
6.109  0.175     -807.1298441
6.109  0.349     -807.1299823
6.109  0.524     -807.1294060
6.109  0.698     -807.1281277
6.109  0.873     -807.1266951
6.109  1.047     -807.1257501
6.109  1.222     -807.1249853
6.109  1.396     -807.1244873
6.109  1.571     -807.1245760
6.109  1.745     -807.1248839
6.109  1.920     -807.1254266
6.109  2.094     -807.1263010
6.109  2.269     -807.1270988
6.109  2.443     -807.1274992
6.109  2.618     -807.1275743
6.109  2.793     -807.1273981
6.109  2.967     -807.1272859
6.109  3.142     -807.1271948
6.109  3.316     -807.1269812
6.109  3.491     -807.1266400
6.109  3.665     -807.1262193
6.109  3.840     -807.1256787
6.109  4.014     -807.1255318
6.109  4.189     -807.1256136
6.109  4.363     -807.1258154
6.109  4.538     -807.1261434
6.109  4.712     -807.1263522
6.109  4.887     -807.1264299
6.109  5.061     -807.1264974
6.109  5.236     -807.1264385
6.109  5.411     -807.1265035
6.109  5.585     -807.1269373
6.109  5.760     -807.1274776
6.109  5.934     -807.1279680
6.109  6.109     -807.1286413
