$molecule
0  1
C        +0.22270000        +1.04488000        +0.58595000
C        +0.62626000        -0.41353000        +0.99871000
C        -1.18200000        +1.23223000        +0.04377000
C        -0.37457000        -1.51643000        +0.72333000
O        -2.09172000        +0.78832000        +0.93966000
O        -1.47336000        +1.75939000        -0.99882000
O        -0.91364000        -1.42792000        -0.50620000
O        -0.62208000        -2.40877000        +1.49911000
C        -1.86134000        -2.44741000        -0.86560000
C        -3.47068000        +0.87492000        +0.53920000
C        +1.33008000        +1.39974000        -0.43491000
C        +2.63070000        +1.71700000        +0.32855000
C        +3.04336000        +0.29351000        +0.80300000
C        +1.94423000        -0.59299000        +0.15262000
O        +1.62840000        +0.13663000        -1.04376000
H        +0.27811000        +1.68786000        +1.46900000
H        +0.83923000        -0.48042000        +2.06408000
H        -2.68749000        -2.46677000        -0.15296000
H        -3.76076000        +1.91522000        +0.38406000
H        +3.37234000        +2.13782000        -0.35195000
H        +2.48236000        +2.42488000        +1.14651000
H        +4.02182000        +0.00994000        +0.41161000
H        +3.07359000        +0.18738000        +1.88928000
H        -2.21148000        -2.17765000        -1.85937000
H        -1.38062000        -3.42697000        -0.88096000
H        -4.03855000        +0.43623000        +1.35671000
H        -3.63120000        +0.31700000        -0.38495000
C        +2.35450000        -2.01267000        -0.16812000
H        +3.26311000        -2.00678000        -0.77366000
H        +2.54990000        -2.57059000        +0.75079000
H        +1.57335000        -2.52896000        -0.72872000
H        +1.03270000        +2.19943000        -1.08064000
@C        +0.25087000        +2.64053000        +5.74474000
@C        +0.65443000        +1.18212000        +6.15750000
@C        -1.15383000        +2.82788000        +5.20256000
@C        -0.34640000        +0.07922000        +5.88212000
@O        -2.06355000        +2.38397000        +6.09845000
@O        -1.44519000        +3.35504000        +4.15997000
@O        -0.88547000        +0.16773000        +4.65259000
@O        -0.59391000        -0.81312000        +6.65790000
@C        -1.83317000        -0.85176000        +4.29319000
@C        -3.44251000        +2.47057000        +5.69799000
@C        +1.35825000        +2.99539000        +4.72388000
@C        +2.65887000        +3.31265000        +5.48734000
@C        +3.07153000        +1.88916000        +5.96179000
@C        +1.97240000        +1.00266000        +5.31141000
@O        +1.65657000        +1.73228000        +4.11503000
@H        +0.30628000        +3.28351000        +6.62779000
@H        +0.86740000        +1.11523000        +7.22287000
@H        -2.65932000        -0.87112000        +5.00583000
@H        -3.73259000        +3.51087000        +5.54285000
@H        +3.40051000        +3.73347000        +4.80684000
@H        +2.51053000        +4.02053000        +6.30530000
@H        +4.04999000        +1.60559000        +5.57040000
@H        +3.10176000        +1.78303000        +7.04807000
@H        -2.18331000        -0.58200000        +3.29942000
@H        -1.35245000        -1.83132000        +4.27783000
@H        -4.01038000        +2.03188000        +6.51550000
@H        -3.60303000        +1.91265000        +4.77384000
@C        +2.38267000        -0.41702000        +4.99067000
@H        +3.29128000        -0.41113000        +4.38513000
@H        +2.57807000        -0.97494000        +5.90958000
@H        +1.60152000        -0.93331000        +4.43007000
@H        +1.06087000        +3.79508000        +4.07815000
$end

$rem
JOBTYPE                   SP
METHOD                    B3LYP
DFT_D                     d3_op
BASIS                     6-311++G(d,p)
SYMMETRY                  False
THRESH                    12
SCF_CONVERGENCE           8
MAX_SUB_FILE_NUM          128
MEM_STATIC                400
MEM_TOTAL                 4000
$end
