3.000       -134.6967969
3.500       -112.0681803
3.700       -101.7969752
3.900        -91.3308830
4.000        -85.9139779
4.100        -80.5582627
4.200        -75.3090748
4.300        -70.1930075
4.400        -65.2299819
4.500        -60.4362881
4.600        -55.8288716
4.700        -51.4262928
4.800        -47.2426074
4.900        -43.2864073
5.000        -39.5616961
5.100        -36.0672915
5.200        -32.8005981
5.300        -29.7585121
5.400        -26.9387684
5.500        -24.3375717
5.600        -21.9497619
5.700        -19.7693221
5.800        -17.7877607
5.900        -15.9952116
6.000        -14.3809415
6.500         -8.5294828
7.000         -5.2293470
8.000         -2.1955325
10.000         -0.5377326
