3.000        -69.7168733
3.500        -56.8757026
3.700        -51.0882569
3.900        -45.2213017
4.000        -42.3305750
4.100        -39.5054723
4.200        -36.7627990
4.300        -34.1103295
4.400        -31.5497031
4.500        -29.0826079
4.600        -26.7141903
4.700        -24.4528332
4.800        -22.3078376
4.900        -20.2868021
5.000        -18.3944032
5.100        -16.6329230
5.200        -15.0026468
5.300        -13.5020555
5.400        -12.1278883
5.500        -10.8751762
5.600         -9.7376581
5.700         -8.7087676
5.800         -7.7816249
5.900         -6.9497246
6.000         -6.2063973
6.500         -3.5706007
7.000         -2.1369901
8.000         -0.8663240
10.000         -0.2028043
