0.000  0.000     -727.3373915
0.000  0.175     -727.3370508
0.000  0.349     -727.3360763
0.000  0.524     -727.3346633
0.000  0.698     -727.3328532
0.000  0.873     -727.3307948
0.000  1.047     -727.3290050
0.000  1.222     -727.3274843
0.000  1.396     -727.3264762
0.000  1.571     -727.3261182
0.000  1.745     -727.3266607
0.000  1.920     -727.3279751
0.000  2.094     -727.3295984
0.000  2.269     -727.3312111
0.000  2.443     -727.3327098
0.000  2.618     -727.3340596
0.000  2.793     -727.3352302
0.000  2.967     -727.3361214
0.000  3.142     -727.3366542
0.000  3.316     -727.3367276
0.000  3.491     -727.3362518
0.000  3.665     -727.3351987
0.000  3.840     -727.3335903
0.000  4.014     -727.3315046
0.000  4.189     -727.3292933
0.000  4.363     -727.3272776
0.000  4.538     -727.3259752
0.000  4.712     -727.3261699
0.000  4.887     -727.3270684
0.000  5.061     -727.3287493
0.000  5.236     -727.3304900
0.000  5.411     -727.3322676
0.000  5.585     -727.3339764
0.000  5.760     -727.3353887
0.000  5.934     -727.3364825
0.000  6.109     -727.3371677
0.175  0.000     -727.3370557
0.175  0.175     -727.3363726
0.175  0.349     -727.3350915
0.175  0.524     -727.3333615
0.175  0.698     -727.3312862
0.175  0.873     -727.3290281
0.175  1.047     -727.3270375
0.175  1.222     -727.3256590
0.175  1.396     -727.3250880
0.175  1.571     -727.3257546
0.175  1.745     -727.3274084
0.175  1.920     -727.3292957
0.175  2.094     -727.3311233
0.175  2.269     -727.3327087
0.175  2.443     -727.3339881
0.175  2.618     -727.3349935
0.175  2.793     -727.3357666
0.175  2.967     -727.3362350
0.175  3.142     -727.3363071
0.175  3.316     -727.3359897
0.175  3.491     -727.3351422
0.175  3.665     -727.3337480
0.175  3.840     -727.3318936
0.175  4.014     -727.3296808
0.175  4.189     -727.3274764
0.175  4.363     -727.3257086
0.175  4.538     -727.3250975
0.175  4.712     -727.3260470
0.175  4.887     -727.3276865
0.175  5.061     -727.3297686
0.175  5.236     -727.3317223
0.175  5.411     -727.3334775
0.175  5.585     -727.3350178
0.175  5.760     -727.3361859
0.175  5.934     -727.3369643
0.175  6.109     -727.3372634
0.349  0.000     -727.3363843
0.349  0.175     -727.3353245
0.349  0.349     -727.3338210
0.349  0.524     -727.3318131
0.349  0.698     -727.3295381
0.349  0.873     -727.3273150
0.349  1.047     -727.3253260
0.349  1.222     -727.3241630
0.349  1.396     -727.3244270
0.349  1.571     -727.3260740
0.349  1.745     -727.3282943
0.349  1.920     -727.3304536
0.349  2.094     -727.3323277
0.349  2.269     -727.3338222
0.349  2.443     -727.3348872
0.349  2.618     -727.3355612
0.349  2.793     -727.3359427
0.349  2.967     -727.3360294
0.349  3.142     -727.3357098
0.349  3.316     -727.3350289
0.349  3.491     -727.3338708
0.349  3.665     -727.3322390
0.349  3.840     -727.3302696
0.349  4.014     -727.3280915
0.349  4.189     -727.3259982
0.349  4.363     -727.3246985
0.349  4.538     -727.3250519
0.349  4.712     -727.3264414
0.349  4.887     -727.3284228
0.349  5.061     -727.3306246
0.349  5.236     -727.3326299
0.349  5.411     -727.3343019
0.349  5.585     -727.3356287
0.349  5.760     -727.3365310
0.349  5.934     -727.3369768
0.349  6.109     -727.3369496
0.524  0.000     -727.3354263
0.524  0.175     -727.3340444
0.524  0.349     -727.3322966
0.524  0.524     -727.3302555
0.524  0.698     -727.3280856
0.524  0.873     -727.3259123
0.524  1.047     -727.3241671
0.524  1.222     -727.3237347
0.524  1.396     -727.3249411
0.524  1.571     -727.3270512
0.524  1.745     -727.3293829
0.524  1.920     -727.3315599
0.524  2.094     -727.3333234
0.524  2.269     -727.3346232
0.524  2.443     -727.3354426
0.524  2.618     -727.3357959
0.524  2.793     -727.3357934
0.524  2.967     -727.3355079
0.524  3.142     -727.3348602
0.524  3.316     -727.3338698
0.524  3.491     -727.3325360
0.524  3.665     -727.3308208
0.524  3.840     -727.3289020
0.524  4.014     -727.3268867
0.524  4.189     -727.3253415
0.524  4.363     -727.3251120
0.524  4.538     -727.3259404
0.524  4.712     -727.3273196
0.524  4.887     -727.3293056
0.524  5.061     -727.3313748
0.524  5.236     -727.3332568
0.524  5.411     -727.3347717
0.524  5.585     -727.3358688
0.524  5.760     -727.3365218
0.524  5.934     -727.3366757
0.524  6.109     -727.3363237
0.698  0.000     -727.3342847
0.698  0.175     -727.3327297
0.698  0.349     -727.3308217
0.698  0.524     -727.3287452
0.698  0.698     -727.3267598
0.698  0.873     -727.3251483
0.698  1.047     -727.3240456
0.698  1.222     -727.3244191
0.698  1.396     -727.3261631
0.698  1.571     -727.3283804
0.698  1.745     -727.3306239
0.698  1.920     -727.3326139
0.698  2.094     -727.3341558
0.698  2.269     -727.3351753
0.698  2.443     -727.3356952
0.698  2.618     -727.3357463
0.698  2.793     -727.3354004
0.698  2.967     -727.3347519
0.698  3.142     -727.3338183
0.698  3.316     -727.3326016
0.698  3.491     -727.3311838
0.698  3.665     -727.3295399
0.698  3.840     -727.3279666
0.698  4.014     -727.3266206
0.698  4.189     -727.3259163
0.698  4.363     -727.3261177
0.698  4.538     -727.3269740
0.698  4.712     -727.3284080
0.698  4.887     -727.3302317
0.698  5.061     -727.3320939
0.698  5.236     -727.3337763
0.698  5.411     -727.3350721
0.698  5.585     -727.3359019
0.698  5.760     -727.3362331
0.698  5.934     -727.3360602
0.698  6.109     -727.3354222
0.873  0.000     -727.3328061
0.873  0.175     -727.3310895
0.873  0.349     -727.3291912
0.873  0.524     -727.3272891
0.873  0.698     -727.3256281
0.873  0.873     -727.3246181
0.873  1.047     -727.3246273
0.873  1.222     -727.3257024
0.873  1.396     -727.3275909
0.873  1.571     -727.3297343
0.873  1.745     -727.3318119
0.873  1.920     -727.3335477
0.873  2.094     -727.3347688
0.873  2.269     -727.3354519
0.873  2.443     -727.3355898
0.873  2.618     -727.3352996
0.873  2.793     -727.3346121
0.873  2.967     -727.3335675
0.873  3.142     -727.3323558
0.873  3.316     -727.3310501
0.873  3.491     -727.3297253
0.873  3.665     -727.3284045
0.873  3.840     -727.3272613
0.873  4.014     -727.3266625
0.873  4.189     -727.3267276
0.873  4.363     -727.3273539
0.873  4.538     -727.3282915
0.873  4.712     -727.3295483
0.873  4.887     -727.3310323
0.873  5.061     -727.3326024
0.873  5.236     -727.3340314
0.873  5.411     -727.3351097
0.873  5.585     -727.3356744
0.873  5.760     -727.3357118
0.873  5.934     -727.3352123
0.873  6.109     -727.3342350
1.047  0.000     -727.3308249
1.047  0.175     -727.3289871
1.047  0.349     -727.3271498
1.047  0.524     -727.3255986
1.047  0.698     -727.3246954
1.047  0.873     -727.3247581
1.047  1.047     -727.3255662
1.047  1.222     -727.3270216
1.047  1.396     -727.3290437
1.047  1.571     -727.3309766
1.047  1.745     -727.3328097
1.047  1.920     -727.3342185
1.047  2.094     -727.3350509
1.047  2.269     -727.3353235
1.047  2.443     -727.3350516
1.047  2.618     -727.3343240
1.047  2.793     -727.3332686
1.047  2.967     -727.3319842
1.047  3.142     -727.3305715
1.047  3.316     -727.3291885
1.047  3.491     -727.3278353
1.047  3.665     -727.3265608
1.047  3.840     -727.3260309
1.047  4.014     -727.3265905
1.047  4.189     -727.3274661
1.047  4.363     -727.3284022
1.047  4.538     -727.3293901
1.047  4.712     -727.3305139
1.047  4.887     -727.3317013
1.047  5.061     -727.3329468
1.047  5.236     -727.3340520
1.047  5.411     -727.3348023
1.047  5.585     -727.3350270
1.047  5.760     -727.3346932
1.047  5.934     -727.3338194
1.047  6.109     -727.3324978
1.222  0.000     -727.3283595
1.222  0.175     -727.3263517
1.222  0.349     -727.3245403
1.222  0.524     -727.3234101
1.222  0.698     -727.3242445
1.222  0.873     -727.3252537
1.222  1.047     -727.3265947
1.222  1.222     -727.3281905
1.222  1.396     -727.3300629
1.222  1.571     -727.3319417
1.222  1.745     -727.3334540
1.222  1.920     -727.3344805
1.222  2.094     -727.3349382
1.222  2.269     -727.3348064
1.222  2.443     -727.3341975
1.222  2.618     -727.3331044
1.222  2.793     -727.3316421
1.222  2.967     -727.3300072
1.222  3.142     -727.3283229
1.222  3.316     -727.3266385
1.222  3.491     -727.3250336
1.222  3.665     -727.3242061
1.222  3.840     -727.3256846
1.222  4.014     -727.3270884
1.222  4.189     -727.3282536
1.222  4.363     -727.3292921
1.222  4.538     -727.3302396
1.222  4.712     -727.3311782
1.222  4.887     -727.3320625
1.222  5.061     -727.3329345
1.222  5.236     -727.3337168
1.222  5.411     -727.3341190
1.222  5.585     -727.3339806
1.222  5.760     -727.3332476
1.222  5.934     -727.3319855
1.222  6.109     -727.3303110
1.396  0.000     -727.3253654
1.396  0.175     -727.3231320
1.396  0.349     -727.3212952
1.396  0.524     -727.3234866
1.396  0.698     -727.3247921
1.396  0.873     -727.3260630
1.396  1.047     -727.3275449
1.396  1.222     -727.3292063
1.396  1.396     -727.3307972
1.396  1.571     -727.3322661
1.396  1.745     -727.3335092
1.396  1.920     -727.3342819
1.396  2.094     -727.3344122
1.396  2.269     -727.3338875
1.396  2.443     -727.3328246
1.396  2.618     -727.3313453
1.396  2.793     -727.3295361
1.396  2.967     -727.3275148
1.396  3.142     -727.3254335
1.396  3.316     -727.3233984
1.396  3.491     -727.3223825
1.396  3.665     -727.3246092
1.396  3.840     -727.3263908
1.396  4.014     -727.3278501
1.396  4.189     -727.3289732
1.396  4.363     -727.3298912
1.396  4.538     -727.3306749
1.396  4.712     -727.3313827
1.396  4.887     -727.3320212
1.396  5.061     -727.3325611
1.396  5.236     -727.3329808
1.396  5.411     -727.3329967
1.396  5.585     -727.3324525
1.396  5.760     -727.3313127
1.396  5.934     -727.3296568
1.396  6.109     -727.3276141
1.571  0.000     -727.3219664
1.571  0.175     -727.3206959
1.571  0.349     -727.3228484
1.571  0.524     -727.3245280
1.571  0.698     -727.3258481
1.571  0.873     -727.3271173
1.571  1.047     -727.3284243
1.571  1.222     -727.3298103
1.571  1.396     -727.3311677
1.571  1.571     -727.3322801
1.571  1.745     -727.3330502
1.571  1.920     -727.3333895
1.571  2.094     -727.3332239
1.571  2.269     -727.3324356
1.571  2.443     -727.3310182
1.571  2.618     -727.3290854
1.571  2.793     -727.3268334
1.571  2.967     -727.3244365
1.571  3.142     -727.3220044
1.571  3.316     -727.3211463
1.571  3.491     -727.3237472
1.571  3.665     -727.3258845
1.571  3.840     -727.3275010
1.571  4.014     -727.3287082
1.571  4.189     -727.3296249
1.571  4.363     -727.3302832
1.571  4.538     -727.3307994
1.571  4.712     -727.3312105
1.571  4.887     -727.3315629
1.571  5.061     -727.3317796
1.571  5.236     -727.3318044
1.571  5.411     -727.3314120
1.571  5.585     -727.3304481
1.571  5.760     -727.3289120
1.571  5.934     -727.3268740
1.571  6.109     -727.3245003
1.745  0.000     -727.3200422
1.745  0.175     -727.3225581
1.745  0.349     -727.3245007
1.745  0.524     -727.3260099
1.745  0.698     -727.3271772
1.745  0.873     -727.3282229
1.745  1.047     -727.3292069
1.745  1.222     -727.3301771
1.745  1.396     -727.3311046
1.745  1.571     -727.3318824
1.745  1.745     -727.3323301
1.745  1.920     -727.3322374
1.745  2.094     -727.3315984
1.745  2.269     -727.3303941
1.745  2.443     -727.3286368
1.745  2.618     -727.3263627
1.745  2.793     -727.3237406
1.745  2.967     -727.3210172
1.745  3.142     -727.3202645
1.745  3.316     -727.3231762
1.745  3.491     -727.3255965
1.745  3.665     -727.3274951
1.745  3.840     -727.3288461
1.745  4.014     -727.3296907
1.745  4.189     -727.3302573
1.745  4.363     -727.3305609
1.745  4.538     -727.3307087
1.745  4.712     -727.3307555
1.745  4.887     -727.3307551
1.745  5.061     -727.3306121
1.745  5.236     -727.3302163
1.745  5.411     -727.3294188
1.745  5.585     -727.3280473
1.745  5.760     -727.3261594
1.745  5.934     -727.3237970
1.745  6.109     -727.3211317
1.920  0.000     -727.3225168
1.920  0.175     -727.3247600
1.920  0.349     -727.3264496
1.920  0.524     -727.3277046
1.920  0.698     -727.3286188
1.920  0.873     -727.3293203
1.920  1.047     -727.3299205
1.920  1.222     -727.3304450
1.920  1.396     -727.3309161
1.920  1.571     -727.3312264
1.920  1.745     -727.3313007
1.920  1.920     -727.3309095
1.920  2.094     -727.3299263
1.920  2.269     -727.3283680
1.920  2.443     -727.3262501
1.920  2.618     -727.3236600
1.920  2.793     -727.3207487
1.920  2.967     -727.3199079
1.920  3.142     -727.3229137
1.920  3.316     -727.3255631
1.920  3.491     -727.3277082
1.920  3.665     -727.3292851
1.920  3.840     -727.3302953
1.920  4.014     -727.3307451
1.920  4.189     -727.3308490
1.920  4.363     -727.3307498
1.920  4.538     -727.3304929
1.920  4.712     -727.3301605
1.920  4.887     -727.3297492
1.920  5.061     -727.3292141
1.920  5.236     -727.3283999
1.920  5.411     -727.3272211
1.920  5.585     -727.3255326
1.920  5.760     -727.3233282
1.920  5.934     -727.3206687
1.920  6.109     -727.3198158
2.094  0.000     -727.3252176
2.094  0.175     -727.3271505
2.094  0.349     -727.3285501
2.094  0.524     -727.3294405
2.094  0.698     -727.3299877
2.094  0.873     -727.3302960
2.094  1.047     -727.3304986
2.094  1.222     -727.3306382
2.094  1.396     -727.3306790
2.094  1.571     -727.3305201
2.094  1.745     -727.3301308
2.094  1.920     -727.3293691
2.094  2.094     -727.3280424
2.094  2.269     -727.3261676
2.094  2.443     -727.3237393
2.094  2.618     -727.3208424
2.094  2.793     -727.3200103
2.094  2.967     -727.3228976
2.094  3.142     -727.3255990
2.094  3.316     -727.3279260
2.094  3.491     -727.3297408
2.094  3.665     -727.3309934
2.094  3.840     -727.3316759
2.094  4.014     -727.3317606
2.094  4.189     -727.3313987
2.094  4.363     -727.3308265
2.094  4.538     -727.3301346
2.094  4.712     -727.3294050
2.094  4.887     -727.3286059
2.094  5.061     -727.3277033
2.094  5.236     -727.3265790
2.094  5.411     -727.3250933
2.094  5.585     -727.3231368
2.094  5.760     -727.3206173
2.094  5.934     -727.3200341
2.094  6.109     -727.3228144
2.269  0.000     -727.3279622
2.269  0.175     -727.3295534
2.269  0.349     -727.3305884
2.269  0.524     -727.3310683
2.269  0.698     -727.3311972
2.269  0.873     -727.3311171
2.269  1.047     -727.3309295
2.269  1.222     -727.3306897
2.269  1.396     -727.3303331
2.269  1.571     -727.3297997
2.269  1.745     -727.3289891
2.269  1.920     -727.3278716
2.269  2.094     -727.3262394
2.269  2.269     -727.3240789
2.269  2.443     -727.3182990
2.269  2.618     -727.3206961
2.269  2.793     -727.3232614
2.269  2.967     -727.3258307
2.269  3.142     -727.3282396
2.269  3.316     -727.3302381
2.269  3.491     -727.3316655
2.269  3.665     -727.3325110
2.269  3.840     -727.3328127
2.269  4.014     -727.3325902
2.269  4.189     -727.3318857
2.269  4.363     -727.3308751
2.269  4.538     -727.3297110
2.269  4.712     -727.3285573
2.269  4.887     -727.3274028
2.269  5.061     -727.3262286
2.269  5.236     -727.3249066
2.269  5.411     -727.3231923
2.269  5.585     -727.3180919
2.269  5.760     -727.3207310
2.269  5.934     -727.3233999
2.269  6.109     -727.3258620
2.443  0.000     -727.3304877
2.443  0.175     -727.3316900
2.443  0.349     -727.3323022
2.443  0.524     -727.3323674
2.443  0.698     -727.3320959
2.443  0.873     -727.3316967
2.443  1.047     -727.3311879
2.443  1.222     -727.3306178
2.443  1.396     -727.3299286
2.443  1.571     -727.3290864
2.443  1.745     -727.3279660
2.443  1.920     -727.3265349
2.443  2.094     -727.3246941
2.443  2.269     -727.3202803
2.443  2.443     -727.3220271
2.443  2.618     -727.3242460
2.443  2.793     -727.3265426
2.443  2.967     -727.3287300
2.443  3.142     -727.3306992
2.443  3.316     -727.3323213
2.443  3.491     -727.3334389
2.443  3.665     -727.3339128
2.443  3.840     -727.3337381
2.443  4.014     -727.3330578
2.443  4.189     -727.3319980
2.443  4.363     -727.3306837
2.443  4.538     -727.3291187
2.443  4.712     -727.3276318
2.443  4.887     -727.3262628
2.443  5.061     -727.3249701
2.443  5.236     -727.3235552
2.443  5.411     -727.3197483
2.443  5.585     -727.3218071
2.443  5.760     -727.3242195
2.443  5.934     -727.3265947
2.443  6.109     -727.3287376
2.618  0.000     -727.3325703
2.618  0.175     -727.3333358
2.618  0.349     -727.3335555
2.618  0.524     -727.3332317
2.618  0.698     -727.3325911
2.618  0.873     -727.3319016
2.618  1.047     -727.3311225
2.618  1.222     -727.3302890
2.618  1.396     -727.3293830
2.618  1.571     -727.3283566
2.618  1.745     -727.3271209
2.618  1.920     -727.3255590
2.618  2.094     -727.3236880
2.618  2.269     -727.3237312
2.618  2.443     -727.3254254
2.618  2.618     -727.3273385
2.618  2.793     -727.3292216
2.618  2.967     -727.3310385
2.618  3.142     -727.3325993
2.618  3.316     -727.3337671
2.618  3.491     -727.3344983
2.618  3.665     -727.3347128
2.618  3.840     -727.3342840
2.618  4.014     -727.3332418
2.618  4.189     -727.3317214
2.618  4.363     -727.3300026
2.618  4.538     -727.3283474
2.618  4.712     -727.3266385
2.618  4.887     -727.3253011
2.618  5.061     -727.3241815
2.618  5.236     -727.3220062
2.618  5.411     -727.3232956
2.618  5.585     -727.3252247
2.618  5.760     -727.3273794
2.618  5.934     -727.3294396
2.618  6.109     -727.3312253
2.793  0.000     -727.3341709
2.793  0.175     -727.3345656
2.793  0.349     -727.3343792
2.793  0.524     -727.3336989
2.793  0.698     -727.3326996
2.793  0.873     -727.3316676
2.793  1.047     -727.3306439
2.793  1.222     -727.3296316
2.793  1.396     -727.3286583
2.793  1.571     -727.3276195
2.793  1.745     -727.3264904
2.793  1.920     -727.3253414
2.793  2.094     -727.3255152
2.793  2.269     -727.3267907
2.793  2.443     -727.3283148
2.793  2.618     -727.3298409
2.793  2.793     -727.3313700
2.793  2.967     -727.3327946
2.793  3.142     -727.3340005
2.793  3.316     -727.3348279
2.793  3.491     -727.3351323
2.793  3.665     -727.3349278
2.793  3.840     -727.3341366
2.793  4.014     -727.3327953
2.793  4.189     -727.3310955
2.793  4.363     -727.3291139
2.793  4.538     -727.3271899
2.793  4.712     -727.3257948
2.793  4.887     -727.3247557
2.793  5.061     -727.3242484
2.793  5.236     -727.3247390
2.793  5.411     -727.3262706
2.793  5.585     -727.3281364
2.793  5.760     -727.3300584
2.793  5.934     -727.3318130
2.793  6.109     -727.3332257
2.967  0.000     -727.3353083
2.967  0.175     -727.3353169
2.967  0.349     -727.3347800
2.967  0.524     -727.3337577
2.967  0.698     -727.3324477
2.967  0.873     -727.3310596
2.967  1.047     -727.3297591
2.967  1.222     -727.3286229
2.967  1.396     -727.3277143
2.967  1.571     -727.3269263
2.967  1.745     -727.3265037
2.967  1.920     -727.3268667
2.967  2.094     -727.3278565
2.967  2.269     -727.3291830
2.967  2.443     -727.3305303
2.967  2.618     -727.3317993
2.967  2.793     -727.3331014
2.967  2.967     -727.3342045
2.967  3.142     -727.3349976
2.967  3.316     -727.3354050
2.967  3.491     -727.3353435
2.967  3.665     -727.3347371
2.967  3.840     -727.3335736
2.967  4.014     -727.3318934
2.967  4.189     -727.3298870
2.967  4.363     -727.3278578
2.967  4.538     -727.3259597
2.967  4.712     -727.3249432
2.967  4.887     -727.3247114
2.967  5.061     -727.3254486
2.967  5.236     -727.3268913
2.967  5.411     -727.3286777
2.967  5.585     -727.3305221
2.967  5.760     -727.3322559
2.967  5.934     -727.3337139
2.967  6.109     -727.3347537
3.142  0.000     -727.3360231
3.142  0.175     -727.3356996
3.142  0.349     -727.3348693
3.142  0.524     -727.3335572
3.142  0.698     -727.3319383
3.142  0.873     -727.3302227
3.142  1.047     -727.3286529
3.142  1.222     -727.3274201
3.142  1.396     -727.3266399
3.142  1.571     -727.3263636
3.142  1.745     -727.3268770
3.142  1.920     -727.3279357
3.142  2.094     -727.3293234
3.142  2.269     -727.3307884
3.142  2.443     -727.3321432
3.142  2.618     -727.3333668
3.142  2.793     -727.3344341
3.142  2.967     -727.3352249
3.142  3.142     -727.3356280
3.142  3.316     -727.3356478
3.142  3.491     -727.3352001
3.142  3.665     -727.3341815
3.142  3.840     -727.3327007
3.142  4.014     -727.3307185
3.142  4.189     -727.3285054
3.142  4.363     -727.3263766
3.142  4.538     -727.3247841
3.142  4.712     -727.3243329
3.142  4.887     -727.3250501
3.142  5.061     -727.3265787
3.142  5.236     -727.3285235
3.142  5.411     -727.3304872
3.142  5.585     -727.3323378
3.142  5.760     -727.3339084
3.142  5.934     -727.3350911
3.142  6.109     -727.3358042
3.316  0.000     -727.3363006
3.316  0.175     -727.3356803
3.316  0.349     -727.3346046
3.316  0.524     -727.3330916
3.316  0.698     -727.3312562
3.316  0.873     -727.3292555
3.316  1.047     -727.3273893
3.316  1.222     -727.3261697
3.316  1.396     -727.3255439
3.316  1.571     -727.3258015
3.316  1.745     -727.3270890
3.316  1.920     -727.3288071
3.316  2.094     -727.3306176
3.316  2.269     -727.3322541
3.316  2.443     -727.3335541
3.316  2.618     -727.3345955
3.316  2.793     -727.3352951
3.316  2.967     -727.3357077
3.316  3.142     -727.3358000
3.316  3.316     -727.3354787
3.316  3.491     -727.3346822
3.316  3.665     -727.3333761
3.316  3.840     -727.3316009
3.316  4.014     -727.3294050
3.316  4.189     -727.3271431
3.316  4.363     -727.3250184
3.316  4.538     -727.3237539
3.316  4.712     -727.3242942
3.316  4.887     -727.3259086
3.316  5.061     -727.3278756
3.316  5.236     -727.3299709
3.316  5.411     -727.3320218
3.316  5.585     -727.3338076
3.316  5.760     -727.3351720
3.316  5.934     -727.3360521
3.316  6.109     -727.3364387
3.491  0.000     -727.3364122
3.491  0.175     -727.3355098
3.491  0.349     -727.3341996
3.491  0.524     -727.3325067
3.491  0.698     -727.3304735
3.491  0.873     -727.3283202
3.491  1.047     -727.3264722
3.491  1.222     -727.3251928
3.491  1.396     -727.3247397
3.491  1.571     -727.3258911
3.491  1.745     -727.3279526
3.491  1.920     -727.3300131
3.491  2.094     -727.3319390
3.491  2.269     -727.3335250
3.491  2.443     -727.3346702
3.491  2.618     -727.3354455
3.491  2.793     -727.3358353
3.491  2.967     -727.3358686
3.491  3.142     -727.3356292
3.491  3.316     -727.3350240
3.491  3.491     -727.3339489
3.491  3.665     -727.3324215
3.491  3.840     -727.3304890
3.491  4.014     -727.3282149
3.491  4.189     -727.3259537
3.491  4.363     -727.3242186
3.491  4.538     -727.3238481
3.491  4.712     -727.3250599
3.491  4.887     -727.3270082
3.491  5.061     -727.3293466
3.491  5.236     -727.3315817
3.491  5.411     -727.3335031
3.491  5.585     -727.3350188
3.491  5.760     -727.3361340
3.491  5.934     -727.3367351
3.491  6.109     -727.3368145
3.665  0.000     -727.3361863
3.665  0.175     -727.3350437
3.665  0.349     -727.3335283
3.665  0.524     -727.3317253
3.665  0.698     -727.3296563
3.665  0.873     -727.3274917
3.665  1.047     -727.3257970
3.665  1.222     -727.3247851
3.665  1.396     -727.3253817
3.665  1.571     -727.3271715
3.665  1.745     -727.3294015
3.665  1.920     -727.3315274
3.665  2.094     -727.3333921
3.665  2.269     -727.3347868
3.665  2.443     -727.3356798
3.665  2.618     -727.3360804
3.665  2.793     -727.3361473
3.665  2.967     -727.3357901
3.665  3.142     -727.3351583
3.665  3.316     -727.3342537
3.665  3.491     -727.3329844
3.665  3.665     -727.3313381
3.665  3.840     -727.3294075
3.665  4.014     -727.3272978
3.665  4.189     -727.3253577
3.665  4.363     -727.3244935
3.665  4.538     -727.3249862
3.665  4.712     -727.3265631
3.665  4.887     -727.3287161
3.665  5.061     -727.3309632
3.665  5.236     -727.3330895
3.665  5.411     -727.3348613
3.665  5.585     -727.3361122
3.665  5.760     -727.3369119
3.665  5.934     -727.3371736
3.665  6.109     -727.3368976
3.840  0.000     -727.3355732
3.840  0.175     -727.3341885
3.840  0.349     -727.3325058
3.840  0.524     -727.3307154
3.840  0.698     -727.3288293
3.840  0.873     -727.3269368
3.840  1.047     -727.3257884
3.840  1.222     -727.3255275
3.840  1.396     -727.3268418
3.840  1.571     -727.3288769
3.840  1.745     -727.3311480
3.840  1.920     -727.3332097
3.840  2.094     -727.3348392
3.840  2.269     -727.3359239
3.840  2.443     -727.3364552
3.840  2.618     -727.3364614
3.840  2.793     -727.3360755
3.840  2.967     -727.3353278
3.840  3.142     -727.3343115
3.840  3.316     -727.3330955
3.840  3.491     -727.3316524
3.840  3.665     -727.3299979
3.840  3.840     -727.3282556
3.840  4.014     -727.3266593
3.840  4.189     -727.3256957
3.840  4.363     -727.3258348
3.840  4.538     -727.3268495
3.840  4.712     -727.3284292
3.840  4.887     -727.3304475
3.840  5.061     -727.3325873
3.840  5.236     -727.3344675
3.840  5.411     -727.3359831
3.840  5.585     -727.3369379
3.840  5.760     -727.3372998
3.840  5.934     -727.3371955
3.840  6.109     -727.3365948
4.014  0.000     -727.3344617
4.014  0.175     -727.3328608
4.014  0.349     -727.3310486
4.014  0.524     -727.3292984
4.014  0.698     -727.3277757
4.014  0.873     -727.3266135
4.014  1.047     -727.3262991
4.014  1.222     -727.3268468
4.014  1.396     -727.3285640
4.014  1.571     -727.3306915
4.014  1.745     -727.3328471
4.014  1.920     -727.3347152
4.014  2.094     -727.3360388
4.014  2.269     -727.3367519
4.014  2.443     -727.3369061
4.014  2.618     -727.3365289
4.014  2.793     -727.3356968
4.014  2.967     -727.3345295
4.014  3.142     -727.3331304
4.014  3.316     -727.3315933
4.014  3.491     -727.3299733
4.014  3.665     -727.3283624
4.014  3.840     -727.3269595
4.014  4.014     -727.3263144
4.014  4.189     -727.3265695
4.014  4.363     -727.3273883
4.014  4.538     -727.3286415
4.014  4.712     -727.3302270
4.014  4.887     -727.3320111
4.014  5.061     -727.3339347
4.014  5.236     -727.3355092
4.014  5.411     -727.3366350
4.014  5.585     -727.3373060
4.014  5.760     -727.3373328
4.014  5.934     -727.3367836
4.014  6.109     -727.3357988
4.189  0.000     -727.3328294
4.189  0.175     -727.3309502
4.189  0.349     -727.3290270
4.189  0.524     -727.3273918
4.189  0.698     -727.3266713
4.189  0.873     -727.3266112
4.189  1.047     -727.3271272
4.189  1.222     -727.3282734
4.189  1.396     -727.3301079
4.189  1.571     -727.3321731
4.189  1.745     -727.3341344
4.189  1.920     -727.3357447
4.189  2.094     -727.3367453
4.189  2.269     -727.3370911
4.189  2.443     -727.3368230
4.189  2.618     -727.3360585
4.189  2.793     -727.3348177
4.189  2.967     -727.3332561
4.189  3.142     -727.3315030
4.189  3.316     -727.3296683
4.189  3.491     -727.3278498
4.189  3.665     -727.3262726
4.189  3.840     -727.3256295
4.189  4.014     -727.3264642
4.189  4.189     -727.3275431
4.189  4.363     -727.3287427
4.189  4.538     -727.3300893
4.189  4.712     -727.3315954
4.189  4.887     -727.3331190
4.189  5.061     -727.3346689
4.189  5.236     -727.3359776
4.189  5.411     -727.3367927
4.189  5.585     -727.3371057
4.189  5.760     -727.3368145
4.189  5.934     -727.3358913
4.189  6.109     -727.3345175
4.363  0.000     -727.3306635
4.363  0.175     -727.3284945
4.363  0.349     -727.3264840
4.363  0.524     -727.3254423
4.363  0.698     -727.3262066
4.363  0.873     -727.3271073
4.363  1.047     -727.3279946
4.363  1.222     -727.3294362
4.363  1.396     -727.3312725
4.363  1.571     -727.3331498
4.363  1.745     -727.3348122
4.363  1.920     -727.3361015
4.363  2.094     -727.3367890
4.363  2.269     -727.3368421
4.363  2.443     -727.3362138
4.363  2.618     -727.3350667
4.363  2.793     -727.3334214
4.363  2.967     -727.3314538
4.363  3.142     -727.3293276
4.363  3.316     -727.3272158
4.363  3.491     -727.3252344
4.363  3.665     -727.3237445
4.363  3.840     -727.3257138
4.363  4.014     -727.3271685
4.363  4.189     -727.3284932
4.363  4.363     -727.3297778
4.363  4.538     -727.3310390
4.363  4.712     -727.3323792
4.363  4.887     -727.3336456
4.363  5.061     -727.3348255
4.363  5.236     -727.3357722
4.363  5.411     -727.3362708
4.363  5.585     -727.3362725
4.363  5.760     -727.3356808
4.363  5.934     -727.3344204
4.363  6.109     -727.3326843
4.538  0.000     -727.3278448
4.538  0.175     -727.3254303
4.538  0.349     -727.3233893
4.538  0.524     -727.3253991
4.538  0.698     -727.3266410
4.538  0.873     -727.3276952
4.538  1.047     -727.3287562
4.538  1.222     -727.3302513
4.538  1.396     -727.3319250
4.538  1.571     -727.3335097
4.538  1.745     -727.3348544
4.538  1.920     -727.3357884
4.538  2.094     -727.3361437
4.538  2.269     -727.3358362
4.538  2.443     -727.3348860
4.538  2.618     -727.3333855
4.538  2.793     -727.3313934
4.538  2.967     -727.3290901
4.538  3.142     -727.3266222
4.538  3.316     -727.3242559
4.538  3.491     -727.3221353
4.538  3.665     -727.3248504
4.538  3.840     -727.3265801
4.538  4.014     -727.3280067
4.538  4.189     -727.3292852
4.538  4.363     -727.3304383
4.538  4.538     -727.3314958
4.538  4.712     -727.3325633
4.538  4.887     -727.3335469
4.538  5.061     -727.3343684
4.538  5.236     -727.3349444
4.538  5.411     -727.3350660
4.538  5.585     -727.3347001
4.538  5.760     -727.3338061
4.538  5.934     -727.3322686
4.538  6.109     -727.3302006
4.712  0.000     -727.3244839
4.712  0.175     -727.3226179
4.712  0.349     -727.3245852
4.712  0.524     -727.3261394
4.712  0.698     -727.3274008
4.712  0.873     -727.3283727
4.712  1.047     -727.3293980
4.712  1.222     -727.3307356
4.712  1.396     -727.3320945
4.712  1.571     -727.3332867
4.712  1.745     -727.3342615
4.712  1.920     -727.3348453
4.712  2.094     -727.3348366
4.712  2.269     -727.3341796
4.712  2.443     -727.3328632
4.712  2.618     -727.3309871
4.712  2.793     -727.3286600
4.712  2.967     -727.3260356
4.712  3.142     -727.3232886
4.712  3.316     -727.3216280
4.712  3.491     -727.3241783
4.712  3.665     -727.3262264
4.712  3.840     -727.3277438
4.712  4.014     -727.3289028
4.712  4.189     -727.3299127
4.712  4.363     -727.3307604
4.712  4.538     -727.3314958
4.712  4.712     -727.3322444
4.712  4.887     -727.3328982
4.712  5.061     -727.3333315
4.712  5.236     -727.3335258
4.712  5.411     -727.3332992
4.712  5.585     -727.3325550
4.712  5.760     -727.3312920
4.712  5.934     -727.3294682
4.712  6.109     -727.3271180
4.887  0.000     -727.3218905
4.887  0.175     -727.3242173
4.887  0.349     -727.3260540
4.887  0.524     -727.3274278
4.887  0.698     -727.3283985
4.887  0.873     -727.3291823
4.887  1.047     -727.3299673
4.887  1.222     -727.3309161
4.887  1.396     -727.3318521
4.887  1.571     -727.3326114
4.887  1.745     -727.3331616
4.887  1.920     -727.3333608
4.887  2.094     -727.3329822
4.887  2.269     -727.3319644
4.887  2.443     -727.3303077
4.887  2.618     -727.3280841
4.887  2.793     -727.3254162
4.887  2.967     -727.3224815
4.887  3.142     -727.3209712
4.887  3.316     -727.3238025
4.887  3.491     -727.3261416
4.887  3.665     -727.3279297
4.887  3.840     -727.3291494
4.887  4.014     -727.3299597
4.887  4.189     -727.3305559
4.887  4.363     -727.3309731
4.887  4.538     -727.3312841
4.887  4.712     -727.3316134
4.887  4.887     -727.3318561
4.887  5.061     -727.3318970
4.887  5.236     -727.3317064
4.887  5.411     -727.3311395
4.887  5.585     -727.3300457
4.887  5.760     -727.3283893
4.887  5.934     -727.3262080
4.887  6.109     -727.3235626
5.061  0.000     -727.3243863
5.061  0.175     -727.3264407
5.061  0.349     -727.3279737
5.061  0.524     -727.3290001
5.061  0.698     -727.3296322
5.061  0.873     -727.3301329
5.061  1.047     -727.3305605
5.061  1.222     -727.3310381
5.061  1.396     -727.3314640
5.061  1.571     -727.3317226
5.061  1.745     -727.3317980
5.061  1.920     -727.3315681
5.061  2.094     -727.3307958
5.061  2.269     -727.3293986
5.061  2.443     -727.3273988
5.061  2.618     -727.3248576
5.061  2.793     -727.3219023
5.061  2.967     -727.3208642
5.061  3.142     -727.3238705
5.061  3.316     -727.3264387
5.061  3.491     -727.3284713
5.061  3.665     -727.3299054
5.061  3.840     -727.3307415
5.061  4.014     -727.3311174
5.061  4.189     -727.3312617
5.061  4.363     -727.3312174
5.061  4.538     -727.3310268
5.061  4.712     -727.3308578
5.061  4.887     -727.3306472
5.061  5.061     -727.3303126
5.061  5.236     -727.3297791
5.061  5.411     -727.3288342
5.061  5.585     -727.3273691
5.061  5.760     -727.3253448
5.061  5.934     -727.3228142
5.061  6.109     -727.3218240
5.236  0.000     -727.3272897
5.236  0.175     -727.3289990
5.236  0.349     -727.3301398
5.236  0.524     -727.3307857
5.236  0.698     -727.3311001
5.236  0.873     -727.3312207
5.236  1.047     -727.3311877
5.236  1.222     -727.3311406
5.236  1.396     -727.3310797
5.236  1.571     -727.3308528
5.236  1.745     -727.3304472
5.236  1.920     -727.3297734
5.236  2.094     -727.3286001
5.236  2.269     -727.3268387
5.236  2.443     -727.3245125
5.236  2.618     -727.3216834
5.236  2.793     -727.3212875
5.236  2.967     -727.3243169
5.236  3.142     -727.3270480
5.236  3.316     -727.3293029
5.236  3.491     -727.3309807
5.236  3.665     -727.3320353
5.236  3.840     -727.3324588
5.236  4.014     -727.3323757
5.236  4.189     -727.3320180
5.236  4.363     -727.3314769
5.236  4.538     -727.3307746
5.236  4.712     -727.3301174
5.236  4.887     -727.3295122
5.236  5.061     -727.3288527
5.236  5.236     -727.3279789
5.236  5.411     -727.3266458
5.236  5.585     -727.3248186
5.236  5.760     -727.3224859
5.236  5.934     -727.3223410
5.236  6.109     -727.3250440
5.411  0.000     -727.3302021
5.411  0.175     -727.3315305
5.411  0.349     -727.3323179
5.411  0.524     -727.3326022
5.411  0.698     -727.3325519
5.411  0.873     -727.3322627
5.411  1.047     -727.3317816
5.411  1.222     -727.3312524
5.411  1.396     -727.3307260
5.411  1.571     -727.3300585
5.411  1.745     -727.3292294
5.411  1.920     -727.3281671
5.411  2.094     -727.3266568
5.411  2.269     -727.3245849
5.411  2.443     -727.3219998
5.411  2.618     -727.3220267
5.411  2.793     -727.3249168
5.411  2.967     -727.3276552
5.411  3.142     -727.3300665
5.411  3.316     -727.3319968
5.411  3.491     -727.3333255
5.411  3.665     -727.3339995
5.411  3.840     -727.3340344
5.411  4.014     -727.3335348
5.411  4.189     -727.3327216
5.411  4.363     -727.3317031
5.411  4.538     -727.3305264
5.411  4.712     -727.3294460
5.411  4.887     -727.3285711
5.411  5.061     -727.3276445
5.411  5.236     -727.3264324
5.411  5.411     -727.3248420
5.411  5.585     -727.3228039
5.411  5.760     -727.3232163
5.411  5.934     -727.3259386
5.411  6.109     -727.3283354
5.585  0.000     -727.3328485
5.585  0.175     -727.3337890
5.585  0.349     -727.3342349
5.585  0.524     -727.3341694
5.585  0.698     -727.3337148
5.585  0.873     -727.3330467
5.585  1.047     -727.3321999
5.585  1.222     -727.3312955
5.585  1.396     -727.3303854
5.585  1.571     -727.3293361
5.585  1.745     -727.3281460
5.585  1.920     -727.3267762
5.585  2.094     -727.3250230
5.585  2.269     -727.3227627
5.585  2.443     -727.3230438
5.585  2.618     -727.3255841
5.585  2.793     -727.3282000
5.585  2.967     -727.3306142
5.585  3.142     -727.3326658
5.585  3.316     -727.3342300
5.585  3.491     -727.3352078
5.585  3.665     -727.3355293
5.585  3.840     -727.3352040
5.585  4.014     -727.3343229
5.585  4.189     -727.3330986
5.585  4.363     -727.3316735
5.585  4.538     -727.3301428
5.585  4.712     -727.3287877
5.585  4.887     -727.3277857
5.585  5.061     -727.3266815
5.585  5.236     -727.3253243
5.585  5.411     -727.3219483
5.585  5.585     -727.3241993
5.585  5.760     -727.3267722
5.585  5.934     -727.3292375
5.585  6.109     -727.3313354
5.760  0.000     -727.3350185
5.760  0.175     -727.3356023
5.760  0.349     -727.3356611
5.760  0.524     -727.3352332
5.760  0.698     -727.3344003
5.760  0.873     -727.3333758
5.760  1.047     -727.3322261
5.760  1.222     -727.3310337
5.760  1.396     -727.3298711
5.760  1.571     -727.3285992
5.760  1.745     -727.3272415
5.760  1.920     -727.3257150
5.760  2.094     -727.3238490
5.760  2.269     -727.3241405
5.760  2.443     -727.3262655
5.760  2.618     -727.3285554
5.760  2.793     -727.3308585
5.760  2.967     -727.3329476
5.760  3.142     -727.3346606
5.760  3.316     -727.3358606
5.760  3.491     -727.3364842
5.760  3.665     -727.3364540
5.760  3.840     -727.3357683
5.760  4.014     -727.3345401
5.760  4.189     -727.3329693
5.760  4.363     -727.3312012
5.760  4.538     -727.3294705
5.760  4.712     -727.3281236
5.760  4.887     -727.3271596
5.760  5.061     -727.3260963
5.760  5.236     -727.3248751
5.760  5.411     -727.3253796
5.760  5.585     -727.3275278
5.760  5.760     -727.3298279
5.760  5.934     -727.3319696
5.760  6.109     -727.3337820
5.934  0.000     -727.3364745
5.934  0.175     -727.3367581
5.934  0.349     -727.3364676
5.934  0.524     -727.3356804
5.934  0.698     -727.3344707
5.934  0.873     -727.3331100
5.934  1.047     -727.3317145
5.934  1.222     -727.3302925
5.934  1.396     -727.3290058
5.934  1.571     -727.3277282
5.934  1.745     -727.3264554
5.934  1.920     -727.3251281
5.934  2.094     -727.3252887
5.934  2.269     -727.3269820
5.934  2.443     -727.3289298
5.934  2.618     -727.3309161
5.934  2.793     -727.3328416
5.934  2.967     -727.3345511
5.934  3.142     -727.3359046
5.934  3.316     -727.3367427
5.934  3.491     -727.3370647
5.934  3.665     -727.3367081
5.934  3.840     -727.3356933
5.934  4.014     -727.3341152
5.934  4.189     -727.3322451
5.934  4.363     -727.3302670
5.934  4.538     -727.3285002
5.934  4.712     -727.3273844
5.934  4.887     -727.3266507
5.934  5.061     -727.3262099
5.934  5.236     -727.3265161
5.934  5.411     -727.3282219
5.934  5.585     -727.3302384
5.934  5.760     -727.3322548
5.934  5.934     -727.3340599
5.934  6.109     -727.3355237
6.109  0.000     -727.3372255
6.109  0.175     -727.3371880
6.109  0.349     -727.3365846
6.109  0.524     -727.3355109
6.109  0.698     -727.3339386
6.109  0.873     -727.3322098
6.109  1.047     -727.3306103
6.109  1.222     -727.3290911
6.109  1.396     -727.3278448
6.109  1.571     -727.3268494
6.109  1.745     -727.3261931
6.109  1.920     -727.3263563
6.109  2.094     -727.3276917
6.109  2.269     -727.3293478
6.109  2.443     -727.3310792
6.109  2.618     -727.3327612
6.109  2.793     -727.3343113
6.109  2.967     -727.3356133
6.109  3.142     -727.3365554
6.109  3.316     -727.3369836
6.109  3.491     -727.3369250
6.109  3.665     -727.3362415
6.109  3.840     -727.3349294
6.109  4.014     -727.3330637
6.109  4.189     -727.3309764
6.109  4.363     -727.3289084
6.109  4.538     -727.3272644
6.109  4.712     -727.3266324
6.109  4.887     -727.3266041
6.109  5.061     -727.3274161
6.109  5.236     -727.3287398
6.109  5.411     -727.3305291
6.109  5.585     -727.3323818
6.109  5.760     -727.3340778
6.109  5.934     -727.3355279
6.109  6.109     -727.3366227
