-180    -1530.5272957
-170    -1530.5283204
-160    -1530.5279779
-150    -1530.5278582
-140    -1530.5279297
-130    -1530.5352405
-120    -1530.5348786
-110    -1530.5285135
-100    -1530.5289037
-090    -1530.5290566
-080    -1530.5311469
-070    -1530.5303996
-060    -1530.5240402
-050    -1530.5227007
-040    -1530.5212495
-030    -1530.5204511
-020    -1530.5190611
-010    -1530.5179744
+000    -1530.5219040
+010    -1530.5223714
+020    -1530.5222952
+030    -1530.5234652
+040    -1530.5252068
+050    -1530.5258398
+060    -1530.5272578
+070    -1530.5283780
+080    -1530.5286225
+090    -1530.5279889
+100    -1530.5269023
+110    -1530.5264283
+120    -1530.5285530
+130    -1530.5260071
+140    -1530.5261185
+150    -1530.5262953
+160    -1530.5266474
+170    -1530.5284643
