3.000         51.2038175
3.500          1.5969334
3.700         -2.0347616
3.900         -3.8771792
4.000         -4.0321099
4.100         -3.7670920
4.200         -3.3333333
4.300         -2.9687828
4.400         -2.8314955
4.500         -2.8259557
4.600         -2.7264755
4.700         -2.5157530
4.800         -2.2416772
4.900         -1.9555766
5.000         -1.6819471
5.100         -1.4520321
5.200         -1.2400756
5.300         -1.1551932
5.400         -1.0788437
5.500         -0.9829868
5.600         -0.8754988
5.700         -0.7663043
5.800         -0.6621771
5.900         -0.5677379
6.000         -0.4830918
6.500         -0.2137156
7.000         -0.0707572
8.000          0.0356018
10.000          0.0477578
