$molecule
0  1
C        +0.25296000        +2.75872000        +6.12687000
C        +0.65652000        +1.30031000        +6.53963000
C        -1.15174000        +2.94607000        +5.58469000
C        -0.34431000        +0.19741000        +6.26425000
O        -2.06146000        +2.50216000        +6.48058000
O        -1.44310000        +3.47323000        +4.54210000
O        -0.88338000        +0.28592000        +5.03472000
O        -0.59182000        -0.69493000        +7.04003000
C        -1.83108000        -0.73357000        +4.67532000
C        -3.44042000        +2.58876000        +6.08012000
C        +1.36034000        +3.11358000        +5.10601000
C        +2.66096000        +3.43084000        +5.86947000
C        +3.07362000        +2.00735000        +6.34392000
C        +1.97449000        +1.12085000        +5.69354000
O        +1.65866000        +1.85047000        +4.49716000
H        +0.30837000        +3.40170000        +7.00992000
H        +0.86949000        +1.23342000        +7.60500000
H        -2.65723000        -0.75293000        +5.38796000
H        -3.73050000        +3.62906000        +5.92498000
H        +3.40260000        +3.85166000        +5.18897000
H        +2.51262000        +4.13872000        +6.68743000
H        +4.05208000        +1.72378000        +5.95253000
H        +3.10385000        +1.90122000        +7.43020000
H        -2.18122000        -0.46381000        +3.68155000
H        -1.35036000        -1.71313000        +4.65996000
H        -4.00829000        +2.15007000        +6.89763000
H        -3.60094000        +2.03084000        +5.15597000
C        +2.38476000        -0.29883000        +5.37280000
H        +3.29337000        -0.29294000        +4.76726000
H        +2.58016000        -0.85675000        +6.29171000
H        +1.60361000        -0.81512000        +4.81220000
H        +1.06296000        +3.91327000        +4.46028000
@C        +0.22270000        +1.04488000        +0.58595000
@C        +0.62626000        -0.41353000        +0.99871000
@C        -1.18200000        +1.23223000        +0.04377000
@C        -0.37457000        -1.51643000        +0.72333000
@O        -2.09172000        +0.78832000        +0.93966000
@O        -1.47336000        +1.75939000        -0.99882000
@O        -0.91364000        -1.42792000        -0.50620000
@O        -0.62208000        -2.40877000        +1.49911000
@C        -1.86134000        -2.44741000        -0.86560000
@C        -3.47068000        +0.87492000        +0.53920000
@C        +1.33008000        +1.39974000        -0.43491000
@C        +2.63070000        +1.71700000        +0.32855000
@C        +3.04336000        +0.29351000        +0.80300000
@C        +1.94423000        -0.59299000        +0.15262000
@O        +1.62840000        +0.13663000        -1.04376000
@H        +0.27811000        +1.68786000        +1.46900000
@H        +0.83923000        -0.48042000        +2.06408000
@H        -2.68749000        -2.46677000        -0.15296000
@H        -3.76076000        +1.91522000        +0.38406000
@H        +3.37234000        +2.13782000        -0.35195000
@H        +2.48236000        +2.42488000        +1.14651000
@H        +4.02182000        +0.00994000        +0.41161000
@H        +3.07359000        +0.18738000        +1.88928000
@H        -2.21148000        -2.17765000        -1.85937000
@H        -1.38062000        -3.42697000        -0.88096000
@H        -4.03855000        +0.43623000        +1.35671000
@H        -3.63120000        +0.31700000        -0.38495000
@C        +2.35450000        -2.01267000        -0.16812000
@H        +3.26311000        -2.00678000        -0.77366000
@H        +2.54990000        -2.57059000        +0.75079000
@H        +1.57335000        -2.52896000        -0.72872000
@H        +1.03270000        +2.19943000        -1.08064000
$end

$rem
JOBTYPE                   SP
METHOD                    B3LYP
DFT_D                     d3_op
BASIS                     6-311++G(d,p)
SYMMETRY                  False
THRESH                    12
SCF_CONVERGENCE           8
MAX_SUB_FILE_NUM          128
MEM_STATIC                400
MEM_TOTAL                 4000
$end
