-180    -1569.8613588
-170    -1569.8609723
-160    -1569.8603658
-150    -1569.8593836
-140    -1569.8586401
-130    -1569.8576318
-120    -1569.8576990
-110    -1569.8585960
-100    -1569.8595085
-090    -1569.8644649
-080    -1569.8682336
-070    -1569.8707005
-060    -1569.8714424
-050    -1569.8660154
-040    -1569.8697943
-030    -1569.8560311
-020    -1569.8536394
-010    -1569.8516582
+000    -1569.8511519
+010    -1569.8518103
+020    -1569.8641004
+030    -1569.8575407
+040    -1569.8592501
+050    -1569.8647161
+060    -1569.8661289
+070    -1569.8668419
+080    -1569.8658614
+090    -1569.8640439
+100    -1569.8620986
+110    -1569.8600309
+120    -1569.8583652
+130    -1569.8578288
+140    -1569.8583266
+150    -1569.8591285
+160    -1569.8599550
+170    -1569.8609548
