0.000  0.000     -725.3982086
0.000  0.175     -725.3980038
0.000  0.349     -725.3973239
0.000  0.524     -725.3962664
0.000  0.698     -725.3949143
0.000  0.873     -725.3934007
0.000  1.047     -725.3923321
0.000  1.222     -725.3908553
0.000  1.396     -725.3890560
0.000  1.571     -725.3881288
0.000  1.745     -725.3881618
0.000  1.920     -725.3896194
0.000  2.094     -725.3909453
0.000  2.269     -725.3923816
0.000  2.443     -725.3937474
0.000  2.618     -725.3951893
0.000  2.793     -725.3963921
0.000  2.967     -725.3969879
0.000  3.142     -725.3976819
0.000  3.316     -725.3980450
0.000  3.491     -725.3978448
0.000  3.665     -725.3971278
0.000  3.840     -725.3962605
0.000  4.014     -725.3945579
0.000  4.189     -725.3925128
0.000  4.363     -725.3907794
0.000  4.538     -725.3892273
0.000  4.712     -725.3887699
0.000  4.887     -725.3891029
0.000  5.061     -725.3900650
0.000  5.236     -725.3913272
0.000  5.411     -725.3929634
0.000  5.585     -725.3945440
0.000  5.760     -725.3959453
0.000  5.934     -725.3971346
0.000  6.109     -725.3978701
0.175  0.000     -725.3981797
0.175  0.175     -725.3976197
0.175  0.349     -725.3966621
0.175  0.524     -725.3953312
0.175  0.698     -725.3940326
0.175  0.873     -725.3924447
0.175  1.047     -725.3908886
0.175  1.222     -725.3895542
0.175  1.396     -725.3884118
0.175  1.571     -725.3885129
0.175  1.745     -725.3901399
0.175  1.920     -725.3915334
0.175  2.094     -725.3929951
0.175  2.269     -725.3943685
0.175  2.443     -725.3950861
0.175  2.618     -725.3960431
0.175  2.793     -725.3968725
0.175  2.967     -725.3974595
0.175  3.142     -725.3977181
0.175  3.316     -725.3976411
0.175  3.491     -725.3970837
0.175  3.665     -725.3964533
0.175  3.840     -725.3949474
0.175  4.014     -725.3930469
0.175  4.189     -725.3911123
0.175  4.363     -725.3898047
0.175  4.538     -725.3888500
0.175  4.712     -725.3893330
0.175  4.887     -725.3902885
0.175  5.061     -725.3916448
0.175  5.236     -725.3931676
0.175  5.411     -725.3946641
0.175  5.585     -725.3960306
0.175  5.760     -725.3971146
0.175  5.934     -725.3978790
0.175  6.109     -725.3983321
0.349  0.000     -725.3977164
0.349  0.175     -725.3968705
0.349  0.349     -725.3955846
0.349  0.524     -725.3943459
0.349  0.698     -725.3925526
0.349  0.873     -725.3909054
0.349  1.047     -725.3894711
0.349  1.222     -725.3882382
0.349  1.396     -725.3883768
0.349  1.571     -725.3898491
0.349  1.745     -725.3915119
0.349  1.920     -725.3931929
0.349  2.094     -725.3942677
0.349  2.269     -725.3954101
0.349  2.443     -725.3962837
0.349  2.618     -725.3968848
0.349  2.793     -725.3972658
0.349  2.967     -725.3973859
0.349  3.142     -725.3972540
0.349  3.316     -725.3967726
0.349  3.491     -725.3963508
0.349  3.665     -725.3950255
0.349  3.840     -725.3934091
0.349  4.014     -725.3915631
0.349  4.189     -725.3900684
0.349  4.363     -725.3889249
0.349  4.538     -725.3892260
0.349  4.712     -725.3900923
0.349  4.887     -725.3914512
0.349  5.061     -725.3929309
0.349  5.236     -725.3945281
0.349  5.411     -725.3958963
0.349  5.585     -725.3970180
0.349  5.760     -725.3977931
0.349  5.934     -725.3982402
0.349  6.109     -725.3982022
0.524  0.000     -725.3968190
0.524  0.175     -725.3956132
0.524  0.349     -725.3944205
0.524  0.524     -725.3927668
0.524  0.698     -725.3910607
0.524  0.873     -725.3894992
0.524  1.047     -725.3881278
0.524  1.222     -725.3880052
0.524  1.396     -725.3887849
0.524  1.571     -725.3908476
0.524  1.745     -725.3927543
0.524  1.920     -725.3940695
0.524  2.094     -725.3954370
0.524  2.269     -725.3963981
0.524  2.443     -725.3969869
0.524  2.618     -725.3972036
0.524  2.793     -725.3971966
0.524  2.967     -725.3968658
0.524  3.142     -725.3967163
0.524  3.316     -725.3959074
0.524  3.491     -725.3948541
0.524  3.665     -725.3935314
0.524  3.840     -725.3919243
0.524  4.014     -725.3904253
0.524  4.189     -725.3890646
0.524  4.363     -725.3891028
0.524  4.538     -725.3898609
0.524  4.712     -725.3909432
0.524  4.887     -725.3923278
0.524  5.061     -725.3939024
0.524  5.236     -725.3954026
0.524  5.411     -725.3966804
0.524  5.585     -725.3974964
0.524  5.760     -725.3979579
0.524  5.934     -725.3980106
0.524  6.109     -725.3975883
0.698  0.000     -725.3958419
0.698  0.175     -725.3944377
0.698  0.349     -725.3927898
0.698  0.524     -725.3911448
0.698  0.698     -725.3896618
0.698  0.873     -725.3880728
0.698  1.047     -725.3877107
0.698  1.222     -725.3880997
0.698  1.396     -725.3898201
0.698  1.571     -725.3917485
0.698  1.745     -725.3937425
0.698  1.920     -725.3949804
0.698  2.094     -725.3962010
0.698  2.269     -725.3969158
0.698  2.443     -725.3971982
0.698  2.618     -725.3970854
0.698  2.793     -725.3966366
0.698  2.967     -725.3963617
0.698  3.142     -725.3954478
0.698  3.316     -725.3944258
0.698  3.491     -725.3932285
0.698  3.665     -725.3918836
0.698  3.840     -725.3905451
0.698  4.014     -725.3891159
0.698  4.189     -725.3888347
0.698  4.363     -725.3894904
0.698  4.538     -725.3905386
0.698  4.712     -725.3917827
0.698  4.887     -725.3931721
0.698  5.061     -725.3945817
0.698  5.236     -725.3959136
0.698  5.411     -725.3969208
0.698  5.585     -725.3975264
0.698  5.760     -725.3976569
0.698  5.934     -725.3973685
0.698  6.109     -725.3966239
0.873  0.000     -725.3941836
0.873  0.175     -725.3925728
0.873  0.349     -725.3908989
0.873  0.524     -725.3893916
0.873  0.698     -725.3878304
0.873  0.873     -725.3873385
0.873  1.047     -725.3875273
0.873  1.222     -725.3886971
0.873  1.396     -725.3906381
0.873  1.571     -725.3925919
0.873  1.745     -725.3940183
0.873  1.920     -725.3955226
0.873  2.094     -725.3965415
0.873  2.269     -725.3969770
0.873  2.443     -725.3969578
0.873  2.618     -725.3964145
0.873  2.793     -725.3959764
0.873  2.967     -725.3949754
0.873  3.142     -725.3938384
0.873  3.316     -725.3925782
0.873  3.491     -725.3913138
0.873  3.665     -725.3901393
0.873  3.840     -725.3891208
0.873  4.014     -725.3883499
0.873  4.189     -725.3888201
0.873  4.363     -725.3900294
0.873  4.538     -725.3912409
0.873  4.712     -725.3924482
0.873  4.887     -725.3936785
0.873  5.061     -725.3949027
0.873  5.236     -725.3959695
0.873  5.411     -725.3966793
0.873  5.585     -725.3970512
0.873  5.760     -725.3968942
0.873  5.934     -725.3962687
0.873  6.109     -725.3956146
1.047  0.000     -725.3920022
1.047  0.175     -725.3902158
1.047  0.349     -725.3884914
1.047  0.524     -725.3871586
1.047  0.698     -725.3863560
1.047  0.873     -725.3867244
1.047  1.047     -725.3878010
1.047  1.222     -725.3896029
1.047  1.396     -725.3914720
1.047  1.571     -725.3928890
1.047  1.745     -725.3944610
1.047  1.920     -725.3956679
1.047  2.094     -725.3963379
1.047  2.269     -725.3964766
1.047  2.443     -725.3961316
1.047  2.618     -725.3956842
1.047  2.793     -725.3944741
1.047  2.967     -725.3930990
1.047  3.142     -725.3917173
1.047  3.316     -725.3902543
1.047  3.491     -725.3889147
1.047  3.665     -725.3877826
1.047  3.840     -725.3868763
1.047  4.014     -725.3876614
1.047  4.189     -725.3890671
1.047  4.363     -725.3904397
1.047  4.538     -725.3918200
1.047  4.712     -725.3929158
1.047  4.887     -725.3939427
1.047  5.061     -725.3949188
1.047  5.236     -725.3956618
1.047  5.411     -725.3961330
1.047  5.585     -725.3961252
1.047  5.760     -725.3956988
1.047  5.934     -725.3950826
1.047  6.109     -725.3936786
1.222  0.000     -725.3893359
1.222  0.175     -725.3872931
1.222  0.349     -725.3855398
1.222  0.524     -725.3844324
1.222  0.698     -725.3856780
1.222  0.873     -725.3870656
1.222  1.047     -725.3885794
1.222  1.222     -725.3902859
1.222  1.396     -725.3920569
1.222  1.571     -725.3933069
1.222  1.745     -725.3945611
1.222  1.920     -725.3954189
1.222  2.094     -725.3957747
1.222  2.269     -725.3955533
1.222  2.443     -725.3951575
1.222  2.618     -725.3939835
1.222  2.793     -725.3924544
1.222  2.967     -725.3906932
1.222  3.142     -725.3889033
1.222  3.316     -725.3872055
1.222  3.491     -725.3857756
1.222  3.665     -725.3847987
1.222  3.840     -725.3861101
1.222  4.014     -725.3879326
1.222  4.189     -725.3892605
1.222  4.363     -725.3907980
1.222  4.538     -725.3921384
1.222  4.712     -725.3931193
1.222  4.887     -725.3939341
1.222  5.061     -725.3945746
1.222  5.236     -725.3950095
1.222  5.411     -725.3951198
1.222  5.585     -725.3948081
1.222  5.760     -725.3939081
1.222  5.934     -725.3930892
1.222  6.109     -725.3912780
1.396  0.000     -725.3860895
1.396  0.175     -725.3838215
1.396  0.349     -725.3819331
1.396  0.524     -725.3842110
1.396  0.698     -725.3858824
1.396  0.873     -725.3875095
1.396  1.047     -725.3891155
1.396  1.222     -725.3908032
1.396  1.396     -725.3922835
1.396  1.571     -725.3932299
1.396  1.745     -725.3941738
1.396  1.920     -725.3947269
1.396  2.094     -725.3947259
1.396  2.269     -725.3944729
1.396  2.443     -725.3933876
1.396  2.618     -725.3917154
1.396  2.793     -725.3897793
1.396  2.967     -725.3876847
1.396  3.142     -725.3855600
1.396  3.316     -725.3836335
1.396  3.491     -725.3817797
1.396  3.665     -725.3843828
1.396  3.840     -725.3865377
1.396  4.014     -725.3883949
1.396  4.189     -725.3899864
1.396  4.363     -725.3910384
1.396  4.538     -725.3921146
1.396  4.712     -725.3929621
1.396  4.887     -725.3934932
1.396  5.061     -725.3937969
1.396  5.236     -725.3938859
1.396  5.411     -725.3936725
1.396  5.585     -725.3928959
1.396  5.760     -725.3921099
1.396  5.934     -725.3903462
1.396  6.109     -725.3883114
1.571  0.000     -725.3823344
1.571  0.175     -725.3807876
1.571  0.349     -725.3832093
1.571  0.524     -725.3851133
1.571  0.698     -725.3867255
1.571  0.873     -725.3882934
1.571  1.047     -725.3897568
1.571  1.222     -725.3910876
1.571  1.396     -725.3919392
1.571  1.571     -725.3929060
1.571  1.745     -725.3935099
1.571  1.920     -725.3936063
1.571  2.094     -725.3935856
1.571  2.269     -725.3926179
1.571  2.443     -725.3910896
1.571  2.618     -725.3890448
1.571  2.793     -725.3867147
1.571  2.967     -725.3842031
1.571  3.142     -725.3817711
1.571  3.316     -725.3802823
1.571  3.491     -725.3831563
1.571  3.665     -725.3855643
1.571  3.840     -725.3875712
1.571  4.014     -725.3891691
1.571  4.189     -725.3904654
1.571  4.363     -725.3911484
1.571  4.538     -725.3919155
1.571  4.712     -725.3924597
1.571  4.887     -725.3927050
1.571  5.061     -725.3927345
1.571  5.236     -725.3924156
1.571  5.411     -725.3918388
1.571  5.585     -725.3910640
1.571  5.760     -725.3894360
1.571  5.934     -725.3873918
1.571  6.109     -725.3849143
1.745  0.000     -725.3800223
1.745  0.175     -725.3826809
1.745  0.349     -725.3848919
1.745  0.524     -725.3865870
1.745  0.698     -725.3880535
1.745  0.873     -725.3893186
1.745  1.047     -725.3903790
1.745  1.222     -725.3910538
1.745  1.396     -725.3917902
1.745  1.571     -725.3923139
1.745  1.745     -725.3924922
1.745  1.920     -725.3925803
1.745  2.094     -725.3918177
1.745  2.269     -725.3903584
1.745  2.443     -725.3884856
1.745  2.618     -725.3860501
1.745  2.793     -725.3832725
1.745  2.967     -725.3804853
1.745  3.142     -725.3792863
1.745  3.316     -725.3824161
1.745  3.491     -725.3850279
1.745  3.665     -725.3872180
1.745  3.840     -725.3888693
1.745  4.014     -725.3901952
1.745  4.189     -725.3906734
1.745  4.363     -725.3912717
1.745  4.538     -725.3916613
1.745  4.712     -725.3917947
1.745  4.887     -725.3916890
1.745  5.061     -725.3913310
1.745  5.236     -725.3910125
1.745  5.411     -725.3899994
1.745  5.585     -725.3885310
1.745  5.760     -725.3864715
1.745  5.934     -725.3840205
1.745  6.109     -725.3812226
1.920  0.000     -725.3826440
1.920  0.175     -725.3850617
1.920  0.349     -725.3868782
1.920  0.524     -725.3883463
1.920  0.698     -725.3894877
1.920  0.873     -725.3904004
1.920  1.047     -725.3908210
1.920  1.222     -725.3913673
1.920  1.396     -725.3915919
1.920  1.571     -725.3916062
1.920  1.745     -725.3913030
1.920  1.920     -725.3909963
1.920  2.094     -725.3897710
1.920  2.269     -725.3880007
1.920  2.443     -725.3857466
1.920  2.618     -725.3829582
1.920  2.793     -725.3798618
1.920  2.967     -725.3788747
1.920  3.142     -725.3821698
1.920  3.316     -725.3849517
1.920  3.491     -725.3872824
1.920  3.665     -725.3891137
1.920  3.840     -725.3903671
1.920  4.014     -725.3908659
1.920  4.189     -725.3912861
1.920  4.363     -725.3914307
1.920  4.538     -725.3913031
1.920  4.712     -725.3910515
1.920  4.887     -725.3905047
1.920  5.061     -725.3900922
1.920  5.236     -725.3890835
1.920  5.411     -725.3877060
1.920  5.585     -725.3858338
1.920  5.760     -725.3834813
1.920  5.934     -725.3805919
1.920  6.109     -725.3796825
2.094  0.000     -725.3854913
2.094  0.175     -725.3875988
2.094  0.349     -725.3890904
2.094  0.524     -725.3901904
2.094  0.698     -725.3909963
2.094  0.873     -725.3911901
2.094  1.047     -725.3914353
2.094  1.222     -725.3914411
2.094  1.396     -725.3913002
2.094  1.571     -725.3908576
2.094  1.745     -725.3905039
2.094  1.920     -725.3893794
2.094  2.094     -725.3877283
2.094  2.269     -725.3856072
2.094  2.443     -725.3830327
2.094  2.618     -725.3798929
2.094  2.793     -725.3791866
2.094  2.967     -725.3822583
2.094  3.142     -725.3851186
2.094  3.316     -725.3876187
2.094  3.491     -725.3895795
2.094  3.665     -725.3910275
2.094  3.840     -725.3919492
2.094  4.014     -725.3919368
2.094  4.189     -725.3919287
2.094  4.363     -725.3915860
2.094  4.538     -725.3910126
2.094  4.712     -725.3902973
2.094  4.887     -725.3896318
2.094  5.061     -725.3884933
2.094  5.236     -725.3871341
2.094  5.411     -725.3854496
2.094  5.585     -725.3832383
2.094  5.760     -725.3805898
2.094  5.934     -725.3799650
2.094  6.109     -725.3829784
2.269  0.000     -725.3884693
2.269  0.175     -725.3901189
2.269  0.349     -725.3913322
2.269  0.524     -725.3916308
2.269  0.698     -725.3920578
2.269  0.873     -725.3921828
2.269  1.047     -725.3920407
2.269  1.222     -725.3916681
2.269  1.396     -725.3910104
2.269  1.571     -725.3904874
2.269  1.745     -725.3893834
2.269  1.920     -725.3878319
2.269  2.094     -725.3858940
2.269  2.269     -725.3834217
2.269  2.443     -725.3778141
2.269  2.618     -725.3802272
2.269  2.793     -725.3829274
2.269  2.967     -725.3856113
2.269  3.142     -725.3881444
2.269  3.316     -725.3902101
2.269  3.491     -725.3917950
2.269  3.665     -725.3928216
2.269  3.840     -725.3929787
2.269  4.014     -725.3929022
2.269  4.189     -725.3924316
2.269  4.363     -725.3916085
2.269  4.538     -725.3909864
2.269  4.712     -725.3897950
2.269  4.887     -725.3884696
2.269  5.061     -725.3870107
2.269  5.236     -725.3854358
2.269  5.411     -725.3834885
2.269  5.585     -725.3782395
2.269  5.760     -725.3809133
2.269  5.934     -725.3837003
2.269  6.109     -725.3862700
2.443  0.000     -725.3911493
2.443  0.175     -725.3924373
2.443  0.349     -725.3928442
2.443  0.524     -725.3931426
2.443  0.698     -725.3932135
2.443  0.873     -725.3930081
2.443  1.047     -725.3926197
2.443  1.222     -725.3918175
2.443  1.396     -725.3908128
2.443  1.571     -725.3898253
2.443  1.745     -725.3883713
2.443  1.920     -725.3865166
2.443  2.094     -725.3842983
2.443  2.269     -725.3801915
2.443  2.443     -725.3819670
2.443  2.618     -725.3841013
2.443  2.793     -725.3864652
2.443  2.967     -725.3887586
2.443  3.142     -725.3908930
2.443  3.316     -725.3925779
2.443  3.491     -725.3937757
2.443  3.665     -725.3940459
2.443  3.840     -725.3941256
2.443  4.014     -725.3936625
2.443  4.189     -725.3928083
2.443  4.363     -725.3916089
2.443  4.538     -725.3905467
2.443  4.712     -725.3890577
2.443  4.887     -725.3874573
2.443  5.061     -725.3858490
2.443  5.236     -725.3841667
2.443  5.411     -725.3802360
2.443  5.585     -725.3823364
2.443  5.760     -725.3846780
2.443  5.934     -725.3871812
2.443  6.109     -725.3893407
2.618  0.000     -725.3934836
2.618  0.175     -725.3940686
2.618  0.349     -725.3944646
2.618  0.524     -725.3943924
2.618  0.698     -725.3940952
2.618  0.873     -725.3935379
2.618  1.047     -725.3928118
2.618  1.222     -725.3918675
2.618  1.396     -725.3905516
2.618  1.571     -725.3893967
2.618  1.745     -725.3876746
2.618  1.920     -725.3856804
2.618  2.094     -725.3834051
2.618  2.269     -725.3841651
2.618  2.443     -725.3858045
2.618  2.618     -725.3876934
2.618  2.793     -725.3896448
2.618  2.967     -725.3915765
2.618  3.142     -725.3932628
2.618  3.316     -725.3946201
2.618  3.491     -725.3949250
2.618  3.665     -725.3951993
2.618  3.840     -725.3949870
2.618  4.014     -725.3941697
2.618  4.189     -725.3928768
2.618  4.363     -725.3917747
2.618  4.538     -725.3900969
2.618  4.712     -725.3884506
2.618  4.887     -725.3868338
2.618  5.061     -725.3852601
2.618  5.236     -725.3828276
2.618  5.411     -725.3841432
2.618  5.585     -725.3860313
2.618  5.760     -725.3882506
2.618  5.934     -725.3902999
2.618  6.109     -725.3921167
2.793  0.000     -725.3950113
2.793  0.175     -725.3955212
2.793  0.349     -725.3955514
2.793  0.524     -725.3952469
2.793  0.698     -725.3945321
2.793  0.873     -725.3937304
2.793  1.047     -725.3928267
2.793  1.222     -725.3917008
2.793  1.396     -725.3902751
2.793  1.571     -725.3887365
2.793  1.745     -725.3870246
2.793  1.920     -725.3855191
2.793  2.094     -725.3865167
2.793  2.269     -725.3876408
2.793  2.443     -725.3891015
2.793  2.618     -725.3906779
2.793  2.793     -725.3922647
2.793  2.967     -725.3938865
2.793  3.142     -725.3951876
2.793  3.316     -725.3956050
2.793  3.491     -725.3960806
2.793  3.665     -725.3959976
2.793  3.840     -725.3953580
2.793  4.014     -725.3942113
2.793  4.189     -725.3926743
2.793  4.363     -725.3913450
2.793  4.538     -725.3895393
2.793  4.712     -725.3876468
2.793  4.887     -725.3862947
2.793  5.061     -725.3853199
2.793  5.236     -725.3860441
2.793  5.411     -725.3874507
2.793  5.585     -725.3892851
2.793  5.760     -725.3911288
2.793  5.934     -725.3929253
2.793  6.109     -725.3943685
2.967  0.000     -725.3964176
2.967  0.175     -725.3966350
2.967  0.349     -725.3963679
2.967  0.524     -725.3956194
2.967  0.698     -725.3946985
2.967  0.873     -725.3935585
2.967  1.047     -725.3924367
2.967  1.222     -725.3912563
2.967  1.396     -725.3899205
2.967  1.571     -725.3886357
2.967  1.745     -725.3877643
2.967  1.920     -725.3883183
2.967  2.094     -725.3892467
2.967  2.269     -725.3904361
2.967  2.443     -725.3917304
2.967  2.618     -725.3930682
2.967  2.793     -725.3943473
2.967  2.967     -725.3955029
2.967  3.142     -725.3965281
2.967  3.316     -725.3966427
2.967  3.491     -725.3967718
2.967  3.665     -725.3963586
2.967  3.840     -725.3953219
2.967  4.014     -725.3938834
2.967  4.189     -725.3925243
2.967  4.363     -725.3906736
2.967  4.538     -725.3885431
2.967  4.712     -725.3874251
2.967  4.887     -725.3868947
2.967  5.061     -725.3872039
2.967  5.236     -725.3886268
2.967  5.411     -725.3901607
2.967  5.585     -725.3918608
2.967  5.760     -725.3935247
2.967  5.934     -725.3950057
2.967  6.109     -725.3957227
3.142  0.000     -725.3973652
3.142  0.175     -725.3972139
3.142  0.349     -725.3966496
3.142  0.524     -725.3956739
3.142  0.698     -725.3944472
3.142  0.873     -725.3930850
3.142  1.047     -725.3918020
3.142  1.222     -725.3906144
3.142  1.396     -725.3894736
3.142  1.571     -725.3887086
3.142  1.745     -725.3888054
3.142  1.920     -725.3901026
3.142  2.094     -725.3913157
3.142  2.269     -725.3925746
3.142  2.443     -725.3938489
3.142  2.618     -725.3949363
3.142  2.793     -725.3959343
3.142  2.967     -725.3963118
3.142  3.142     -725.3969229
3.142  3.316     -725.3971591
3.142  3.491     -725.3968920
3.142  3.665     -725.3961569
3.142  3.840     -725.3949609
3.142  4.014     -725.3932474
3.142  4.189     -725.3917136
3.142  4.363     -725.3897933
3.142  4.538     -725.3881208
3.142  4.712     -725.3875801
3.142  4.887     -725.3879086
3.142  5.061     -725.3892465
3.142  5.236     -725.3906437
3.142  5.411     -725.3923074
3.142  5.585     -725.3938821
3.142  5.760     -725.3954124
3.142  5.934     -725.3961723
3.142  6.109     -725.3969872
3.316  0.000     -725.3978459
3.316  0.175     -725.3974640
3.316  0.349     -725.3966213
3.316  0.524     -725.3954063
3.316  0.698     -725.3939339
3.316  0.873     -725.3924677
3.316  1.047     -725.3911071
3.316  1.222     -725.3898519
3.316  1.396     -725.3891008
3.316  1.571     -725.3889631
3.316  1.745     -725.3898308
3.316  1.920     -725.3915534
3.316  2.094     -725.3930137
3.316  2.269     -725.3943285
3.316  2.443     -725.3954477
3.316  2.618     -725.3963000
3.316  2.793     -725.3966066
3.316  2.967     -725.3969855
3.316  3.142     -725.3972156
3.316  3.316     -725.3971076
3.316  3.491     -725.3965793
3.316  3.665     -725.3955875
3.316  3.840     -725.3941906
3.316  4.014     -725.3928187
3.316  4.189     -725.3907728
3.316  4.363     -725.3890445
3.316  4.538     -725.3878809
3.316  4.712     -725.3879171
3.316  4.887     -725.3888944
3.316  5.061     -725.3907458
3.316  5.236     -725.3924059
3.316  5.411     -725.3940804
3.316  5.585     -725.3955821
3.316  5.760     -725.3964411
3.316  5.934     -725.3973139
3.316  6.109     -725.3977369
3.491  0.000     -725.3978271
3.491  0.175     -725.3971169
3.491  0.349     -725.3960661
3.491  0.524     -725.3946551
3.491  0.698     -725.3930929
3.491  0.873     -725.3916023
3.491  1.047     -725.3902705
3.491  1.222     -725.3893126
3.491  1.396     -725.3890025
3.491  1.571     -725.3899519
3.491  1.745     -725.3913993
3.491  1.920     -725.3931012
3.491  2.094     -725.3946287
3.491  2.269     -725.3958477
3.491  2.443     -725.3963897
3.491  2.618     -725.3969114
3.491  2.793     -725.3972183
3.491  2.967     -725.3973365
3.491  3.142     -725.3970652
3.491  3.316     -725.3966141
3.491  3.491     -725.3957433
3.491  3.665     -725.3946192
3.491  3.840     -725.3935536
3.491  4.014     -725.3916897
3.491  4.189     -725.3899213
3.491  4.363     -725.3883232
3.491  4.538     -725.3880844
3.491  4.712     -725.3891624
3.491  4.887     -725.3905519
3.491  5.061     -725.3922238
3.491  5.236     -725.3939564
3.491  5.411     -725.3956056
3.491  5.585     -725.3965331
3.491  5.760     -725.3975106
3.491  5.934     -725.3980868
3.491  6.109     -725.3981391
3.665  0.000     -725.3973544
3.665  0.175     -725.3963420
3.665  0.349     -725.3950381
3.665  0.524     -725.3935722
3.665  0.698     -725.3919675
3.665  0.873     -725.3906024
3.665  1.047     -725.3894370
3.665  1.222     -725.3889176
3.665  1.396     -725.3896476
3.665  1.571     -725.3909360
3.665  1.745     -725.3927339
3.665  1.920     -725.3945748
3.665  2.094     -725.3961086
3.665  2.269     -725.3968122
3.665  2.443     -725.3973300
3.665  2.618     -725.3975145
3.665  2.793     -725.3974315
3.665  2.967     -725.3970343
3.665  3.142     -725.3963917
3.665  3.316     -725.3955716
3.665  3.491     -725.3944879
3.665  3.665     -725.3935329
3.665  3.840     -725.3920513
3.665  4.014     -725.3904224
3.665  4.189     -725.3887908
3.665  4.363     -725.3883094
3.665  4.538     -725.3892568
3.665  4.712     -725.3904445
3.665  4.887     -725.3920519
3.665  5.061     -725.3936989
3.665  5.236     -725.3950401
3.665  5.411     -725.3964925
3.665  5.585     -725.3975395
3.665  5.760     -725.3981468
3.665  5.934     -725.3983519
3.665  6.109     -725.3980087
3.840  0.000     -725.3962905
3.840  0.175     -725.3950294
3.840  0.349     -725.3935712
3.840  0.524     -725.3920224
3.840  0.698     -725.3905752
3.840  0.873     -725.3894492
3.840  1.047     -725.3888825
3.840  1.222     -725.3890678
3.840  1.396     -725.3905201
3.840  1.571     -725.3922744
3.840  1.745     -725.3942946
3.840  1.920     -725.3960236
3.840  2.094     -725.3968395
3.840  2.269     -725.3976667
3.840  2.443     -725.3978775
3.840  2.618     -725.3976922
3.840  2.793     -725.3971067
3.840  2.967     -725.3963466
3.840  3.142     -725.3956367
3.840  3.316     -725.3944350
3.840  3.491     -725.3931793
3.840  3.665     -725.3917613
3.840  3.840     -725.3903293
3.840  4.014     -725.3887017
3.840  4.189     -725.3882979
3.840  4.363     -725.3889256
3.840  4.538     -725.3904917
3.840  4.712     -725.3919731
3.840  4.887     -725.3934777
3.840  5.061     -725.3950848
3.840  5.236     -725.3961564
3.840  5.411     -725.3972956
3.840  5.585     -725.3980003
3.840  5.760     -725.3982933
3.840  5.934     -725.3980709
3.840  6.109     -725.3973740
4.014  0.000     -725.3948374
4.014  0.175     -725.3932348
4.014  0.349     -725.3919814
4.014  0.524     -725.3900374
4.014  0.698     -725.3890417
4.014  0.873     -725.3885956
4.014  1.047     -725.3888672
4.014  1.222     -725.3901978
4.014  1.396     -725.3917575
4.014  1.571     -725.3937940
4.014  1.745     -725.3955771
4.014  1.920     -725.3966975
4.014  2.094     -725.3976732
4.014  2.269     -725.3981327
4.014  2.443     -725.3979604
4.014  2.618     -725.3973543
4.014  2.793     -725.3962960
4.014  2.967     -725.3954824
4.014  3.142     -725.3940398
4.014  3.316     -725.3924596
4.014  3.491     -725.3909515
4.014  3.665     -725.3894506
4.014  3.840     -725.3883095
4.014  4.014     -725.3876017
4.014  4.189     -725.3884305
4.014  4.363     -725.3902680
4.014  4.538     -725.3918538
4.014  4.712     -725.3929229
4.014  4.887     -725.3943917
4.014  5.061     -725.3957543
4.014  5.236     -725.3968724
4.014  5.411     -725.3976602
4.014  5.585     -725.3980764
4.014  5.760     -725.3979454
4.014  5.934     -725.3973015
4.014  6.109     -725.3962378
4.189  0.000     -725.3932617
4.189  0.175     -725.3914019
4.189  0.349     -725.3896497
4.189  0.524     -725.3881865
4.189  0.698     -725.3874944
4.189  0.873     -725.3882734
4.189  1.047     -725.3892375
4.189  1.222     -725.3910906
4.189  1.396     -725.3928878
4.189  1.571     -725.3948084
4.189  1.745     -725.3960494
4.189  1.920     -725.3972571
4.189  2.094     -725.3979558
4.189  2.269     -725.3979869
4.189  2.443     -725.3974596
4.189  2.618     -725.3964575
4.189  2.793     -725.3954429
4.189  2.967     -725.3937442
4.189  3.142     -725.3918476
4.189  3.316     -725.3900788
4.189  3.491     -725.3883709
4.189  3.665     -725.3869037
4.189  3.840     -725.3856760
4.189  4.014     -725.3876102
4.189  4.189     -725.3892840
4.189  4.363     -725.3907125
4.189  4.538     -725.3924367
4.189  4.712     -725.3939629
4.189  4.887     -725.3952073
4.189  5.061     -725.3962924
4.189  5.236     -725.3971076
4.189  5.411     -725.3975991
4.189  5.585     -725.3975974
4.189  5.760     -725.3970241
4.189  5.934     -725.3960579
4.189  6.109     -725.3945527
4.363  0.000     -725.3908029
4.363  0.175     -725.3885583
4.363  0.349     -725.3866416
4.363  0.524     -725.3854897
4.363  0.698     -725.3873788
4.363  0.873     -725.3886333
4.363  1.047     -725.3897704
4.363  1.222     -725.3917842
4.363  1.396     -725.3932468
4.363  1.571     -725.3949503
4.363  1.745     -725.3963312
4.363  1.920     -725.3972461
4.363  2.094     -725.3975667
4.363  2.269     -725.3972336
4.363  2.443     -725.3963700
4.363  2.618     -725.3953873
4.363  2.793     -725.3935833
4.363  2.967     -725.3914703
4.363  3.142     -725.3892705
4.363  3.316     -725.3870992
4.363  3.491     -725.3852289
4.363  3.665     -725.3838164
4.363  3.840     -725.3859834
4.363  4.014     -725.3879903
4.363  4.189     -725.3898737
4.363  4.363     -725.3913271
4.363  4.538     -725.3929359
4.363  4.712     -725.3943227
4.363  4.887     -725.3954360
4.363  5.061     -725.3961960
4.363  5.236     -725.3967374
4.363  5.411     -725.3968728
4.363  5.585     -725.3965096
4.363  5.760     -725.3956157
4.363  5.934     -725.3942390
4.363  6.109     -725.3928189
4.538  0.000     -725.3876720
4.538  0.175     -725.3852299
4.538  0.349     -725.3832181
4.538  0.524     -725.3858812
4.538  0.698     -725.3875033
4.538  0.873     -725.3889741
4.538  1.047     -725.3905113
4.538  1.222     -725.3918207
4.538  1.396     -725.3934298
4.538  1.571     -725.3948666
4.538  1.745     -725.3959659
4.538  1.920     -725.3965034
4.538  2.094     -725.3964955
4.538  2.269     -725.3958741
4.538  2.443     -725.3950607
4.538  2.618     -725.3933044
4.538  2.793     -725.3911094
4.538  2.967     -725.3885789
4.538  3.142     -725.3860562
4.538  3.316     -725.3836409
4.538  3.491     -725.3816958
4.538  3.665     -725.3844919
4.538  3.840     -725.3867381
4.538  4.014     -725.3886889
4.538  4.189     -725.3903925
4.538  4.363     -725.3915674
4.538  4.538     -725.3929742
4.538  4.712     -725.3941351
4.538  4.887     -725.3949715
4.538  5.061     -725.3955038
4.538  5.236     -725.3956756
4.538  5.411     -725.3954666
4.538  5.585     -725.3947642
4.538  5.760     -725.3939646
4.538  5.934     -725.3922084
4.538  6.109     -725.3900142
4.712  0.000     -725.3839928
4.712  0.175     -725.3823247
4.712  0.349     -725.3846889
4.712  0.524     -725.3865778
4.712  0.698     -725.3880778
4.712  0.873     -725.3895235
4.712  1.047     -725.3905200
4.712  1.222     -725.3918918
4.712  1.396     -725.3931608
4.712  1.571     -725.3942659
4.712  1.745     -725.3950278
4.712  1.920     -725.3952217
4.712  2.094     -725.3952082
4.712  2.269     -725.3942552
4.712  2.443     -725.3927331
4.712  2.618     -725.3905590
4.712  2.793     -725.3879946
4.712  2.967     -725.3852081
4.712  3.142     -725.3823254
4.712  3.316     -725.3805212
4.712  3.491     -725.3833740
4.712  3.665     -725.3858079
4.712  3.840     -725.3878411
4.712  4.014     -725.3894913
4.712  4.189     -725.3905131
4.712  4.363     -725.3916929
4.712  4.538     -725.3926603
4.712  4.712     -725.3934908
4.712  4.887     -725.3940807
4.712  5.061     -725.3942059
4.712  5.236     -725.3940875
4.712  5.411     -725.3939239
4.712  5.585     -725.3929423
4.712  5.760     -725.3913695
4.712  5.934     -725.3892141
4.712  6.109     -725.3867009
4.887  0.000     -725.3814090
4.887  0.175     -725.3840878
4.887  0.349     -725.3862129
4.887  0.524     -725.3878002
4.887  0.698     -725.3890852
4.887  0.873     -725.3901878
4.887  1.047     -725.3908138
4.887  1.222     -725.3918030
4.887  1.396     -725.3926594
4.887  1.571     -725.3932767
4.887  1.745     -725.3935624
4.887  1.920     -725.3937577
4.887  2.094     -725.3930423
4.887  2.269     -725.3917320
4.887  2.443     -725.3897837
4.887  2.618     -725.3872810
4.887  2.793     -725.3844159
4.887  2.967     -725.3812824
4.887  3.142     -725.3796294
4.887  3.316     -725.3827076
4.887  3.491     -725.3854011
4.887  3.665     -725.3875387
4.887  3.840     -725.3892345
4.887  4.014     -725.3904934
4.887  4.189     -725.3910451
4.887  4.363     -725.3917041
4.887  4.538     -725.3922714
4.887  4.712     -725.3925854
4.887  4.887     -725.3927328
4.887  5.061     -725.3925964
4.887  5.236     -725.3924877
4.887  5.411     -725.3916085
4.887  5.585     -725.3901936
4.887  5.760     -725.3882039
4.887  5.934     -725.3857735
4.887  6.109     -725.3829106
5.061  0.000     -725.3840744
5.061  0.175     -725.3864362
5.061  0.349     -725.3881688
5.061  0.524     -725.3894772
5.061  0.698     -725.3904898
5.061  0.873     -725.3908085
5.061  1.047     -725.3914142
5.061  1.222     -725.3918016
5.061  1.396     -725.3920968
5.061  1.571     -725.3921927
5.061  1.745     -725.3919846
5.061  1.920     -725.3917928
5.061  2.094     -725.3906568
5.061  2.269     -725.3888851
5.061  2.443     -725.3865650
5.061  2.618     -725.3837773
5.061  2.793     -725.3805664
5.061  2.967     -725.3794433
5.061  3.142     -725.3827248
5.061  3.316     -725.3855842
5.061  3.491     -725.3879002
5.061  3.665     -725.3896785
5.061  3.840     -725.3909088
5.061  4.014     -725.3917249
5.061  4.189     -725.3917109
5.061  4.363     -725.3918721
5.061  4.538     -725.3918628
5.061  4.712     -725.3917139
5.061  4.887     -725.3913826
5.061  5.061     -725.3911257
5.061  5.236     -725.3903032
5.061  5.411     -725.3890431
5.061  5.585     -725.3873509
5.061  5.760     -725.3849746
5.061  5.934     -725.3821456
5.061  6.109     -725.3811541
5.236  0.000     -725.3871351
5.236  0.175     -725.3891290
5.236  0.349     -725.3905233
5.236  0.524     -725.3915185
5.236  0.698     -725.3921023
5.236  0.873     -725.3920297
5.236  1.047     -725.3921314
5.236  1.222     -725.3919787
5.236  1.396     -725.3916696
5.236  1.571     -725.3911900
5.236  1.745     -725.3909055
5.236  1.920     -725.3897999
5.236  2.094     -725.3882119
5.236  2.269     -725.3860954
5.236  2.443     -725.3834937
5.236  2.618     -725.3803518
5.236  2.793     -725.3798977
5.236  2.967     -725.3831132
5.236  3.142     -725.3861292
5.236  3.316     -725.3887520
5.236  3.491     -725.3906965
5.236  3.665     -725.3920467
5.236  3.840     -725.3928376
5.236  4.014     -725.3927780
5.236  4.189     -725.3926565
5.236  4.363     -725.3921980
5.236  4.538     -725.3916121
5.236  4.712     -725.3909223
5.236  4.887     -725.3905051
5.236  5.061     -725.3895062
5.236  5.236     -725.3883142
5.236  5.411     -725.3867265
5.236  5.585     -725.3846419
5.236  5.760     -725.3820020
5.236  5.934     -725.3816119
5.236  6.109     -725.3846017
5.411  0.000     -725.3902696
5.411  0.175     -725.3918687
5.411  0.349     -725.3928887
5.411  0.524     -725.3931520
5.411  0.698     -725.3933858
5.411  0.873     -725.3933203
5.411  1.047     -725.3928843
5.411  1.222     -725.3923120
5.411  1.396     -725.3914374
5.411  1.571     -725.3904427
5.411  1.745     -725.3896404
5.411  1.920     -725.3880450
5.411  2.094     -725.3861720
5.411  2.269     -725.3836712
5.411  2.443     -725.3807858
5.411  2.618     -725.3808545
5.411  2.793     -725.3839547
5.411  2.967     -725.3868497
5.411  3.142     -725.3894943
5.411  3.316     -725.3917089
5.411  3.491     -725.3933430
5.411  3.665     -725.3943302
5.411  3.840     -725.3943411
5.411  4.014     -725.3941971
5.411  4.189     -725.3935495
5.411  4.363     -725.3926145
5.411  4.538     -725.3915990
5.411  4.712     -725.3904184
5.411  4.887     -725.3895397
5.411  5.061     -725.3882173
5.411  5.236     -725.3867311
5.411  5.411     -725.3848712
5.411  5.585     -725.3825035
5.411  5.760     -725.3825650
5.411  5.934     -725.3854446
5.411  6.109     -725.3880779
5.585  0.000     -725.3930774
5.585  0.175     -725.3939511
5.585  0.349     -725.3946585
5.585  0.524     -725.3949408
5.585  0.698     -725.3948224
5.585  0.873     -725.3943643
5.585  1.047     -725.3935940
5.585  1.222     -725.3925333
5.585  1.396     -725.3913012
5.585  1.571     -725.3902718
5.585  1.745     -725.3886233
5.585  1.920     -725.3868011
5.585  2.094     -725.3844882
5.585  2.269     -725.3819345
5.585  2.443     -725.3821678
5.585  2.618     -725.3848452
5.585  2.793     -725.3875207
5.585  2.967     -725.3901684
5.585  3.142     -725.3924436
5.585  3.316     -725.3942664
5.585  3.491     -725.3955944
5.585  3.665     -725.3958106
5.585  3.840     -725.3958839
5.585  4.014     -725.3952848
5.585  4.189     -725.3943072
5.585  4.363     -725.3929203
5.585  4.538     -725.3915019
5.585  4.712     -725.3903266
5.585  4.887     -725.3888403
5.585  5.061     -725.3873742
5.585  5.236     -725.3857318
5.585  5.411     -725.3815707
5.585  5.585     -725.3838652
5.585  5.760     -725.3864468
5.585  5.934     -725.3889600
5.585  6.109     -725.3912607
5.760  0.000     -725.3948770
5.760  0.175     -725.3958064
5.760  0.349     -725.3961940
5.760  0.524     -725.3961630
5.760  0.698     -725.3957188
5.760  0.873     -725.3950123
5.760  1.047     -725.3939612
5.760  1.222     -725.3925909
5.760  1.396     -725.3910858
5.760  1.571     -725.3896852
5.760  1.745     -725.3878227
5.760  1.920     -725.3857782
5.760  2.094     -725.3835224
5.760  2.269     -725.3838516
5.760  2.443     -725.3858243
5.760  2.618     -725.3882269
5.760  2.793     -725.3906124
5.760  2.967     -725.3928850
5.760  3.142     -725.3948249
5.760  3.316     -725.3962851
5.760  3.491     -725.3967864
5.760  3.665     -725.3971332
5.760  3.840     -725.3968549
5.760  4.014     -725.3959124
5.760  4.189     -725.3945620
5.760  4.363     -725.3929227
5.760  4.538     -725.3912096
5.760  4.712     -725.3899099
5.760  4.887     -725.3884660
5.760  5.061     -725.3869322
5.760  5.236     -725.3853502
5.760  5.411     -725.3853166
5.760  5.585     -725.3874116
5.760  5.760     -725.3897909
5.760  5.934     -725.3919852
5.760  6.109     -725.3938548
5.934  0.000     -725.3965727
5.934  0.175     -725.3971786
5.934  0.349     -725.3972359
5.934  0.524     -725.3968108
5.934  0.698     -725.3960344
5.934  0.873     -725.3951598
5.934  1.047     -725.3938274
5.934  1.222     -725.3923559
5.934  1.396     -725.3906462
5.934  1.571     -725.3890983
5.934  1.745     -725.3872555
5.934  1.920     -725.3852941
5.934  2.094     -725.3856008
5.934  2.269     -725.3872076
5.934  2.443     -725.3890323
5.934  2.618     -725.3909980
5.934  2.793     -725.3930950
5.934  2.967     -725.3950167
5.934  3.142     -725.3965670
5.934  3.316     -725.3972361
5.934  3.491     -725.3977430
5.934  3.665     -725.3977063
5.934  3.840     -725.3971245
5.934  4.014     -725.3959463
5.934  4.189     -725.3942667
5.934  4.363     -725.3928445
5.934  4.538     -725.3910274
5.934  4.712     -725.3891055
5.934  4.887     -725.3882914
5.934  5.061     -725.3867287
5.934  5.236     -725.3870482
5.934  5.411     -725.3885213
5.934  5.585     -725.3904891
5.934  5.760     -725.3925496
5.934  5.934     -725.3943941
5.934  6.109     -725.3955069
6.109  0.000     -725.3976556
6.109  0.175     -725.3978857
6.109  0.349     -725.3975379
6.109  0.524     -725.3968630
6.109  0.698     -725.3957770
6.109  0.873     -725.3945464
6.109  1.047     -725.3931418
6.109  1.222     -725.3915799
6.109  1.396     -725.3903530
6.109  1.571     -725.3886574
6.109  1.745     -725.3869359
6.109  1.920     -725.3873821
6.109  2.094     -725.3884851
6.109  2.269     -725.3899726
6.109  2.443     -725.3916950
6.109  2.618     -725.3933569
6.109  2.793     -725.3950060
6.109  2.967     -725.3964369
6.109  3.142     -725.3972323
6.109  3.316     -725.3979181
6.109  3.491     -725.3981276
6.109  3.665     -725.3976981
6.109  3.840     -725.3967294
6.109  4.014     -725.3956992
6.109  4.189     -725.3938174
6.109  4.363     -725.3919036
6.109  4.538     -725.3903042
6.109  4.712     -725.3888122
6.109  4.887     -725.3882542
6.109  5.061     -725.3882336
6.109  5.236     -725.3896171
6.109  5.411     -725.3912529
6.109  5.585     -725.3929573
6.109  5.760     -725.3943271
6.109  5.934     -725.3958066
6.109  6.109     -725.3969865
