3.000       -122.9436290
3.500        -85.6981299
3.700        -72.2447960
3.900        -60.3806104
4.000        -55.0452447
4.100        -50.0931516
4.200        -45.5063324
4.300        -41.2628896
4.400        -37.3436865
4.500        -33.7332593
4.600        -30.4208864
4.700        -27.3971658
4.800        -24.6529960
4.900        -22.1762642
5.000        -19.9506086
5.100        -17.9575564
5.200        -16.1768883
5.300        -14.5874341
5.400        -13.1691113
5.500        -11.9029949
5.600        -10.7713983
5.700         -9.7588380
5.800         -8.8516252
5.900         -8.0375554
6.000         -7.3062807
6.500         -4.6104681
7.000         -2.9954311
8.000         -1.3762747
10.000         -0.3768184
