-180,+155
-175,+150
-170,+150
-165,+145
-160,+140
-155,+135
-150,+130
-145,+125
-140,+120
-135,+115
-130,+115
-125,+110
-120,+105
-115,+100
-110,+095
-105,+095
-100,+090
-095,+090
-090,+090
-085,+085
-080,+085
-075,+080
-070,+080
-065,+075
-060,+075
-055,+070
-050,+070
-045,+065
-040,+060
-035,+055
-030,+050
-025,+045
-020,+035
-015,+025
-010,+020
-005,+010
+000,-000
+005,-015
+010,-030
+015,-045
+020,-055
+025,-065
+030,-070
+035,-075
+040,-080
+045,-080
+050,-085
+055,-090
+060,-090
+065,-095
+070,-100
+075,-100
+080,-100
+085,-105
+090,-105
+095,-105
+100,-105
+105,-105
+110,-110
+115,-115
+120,-120
+125,-125
+130,-130
+135,-135
+140,-140
+145,-150
+150,-155
+155,-160
+160,-170
+165,-180
+170,+170
+175,+160
+180,+155
