-180,+180
-175,+175
-170,+170
-165,+165
-160,+160
-155,+155
-150,+150
-145,+145
-140,+140
-135,+135
-130,+130
-125,+120
-120,+110
-115,+105
-110,+095
-105,+090
-100,+080
-095,+075
-090,+070
-085,+065
-080,+060
-075,+055
-070,+050
-065,+050
-060,+045
-055,+045
-050,+040
-045,+035
-040,+035
-035,+030
-030,+025
-025,+020
-020,+020
-015,+015
-010,+010
-005,+005
+000,+000
+005,-005
+010,-010
+015,-015
+020,-025
+025,-035
+030,-040
+035,-050
+040,-060
+045,-065
+050,-075
+055,-080
+060,-085
+065,-090
+070,-095
+075,-105
+080,-110
+085,-115
+090,-120
+095,-125
+100,-130
+105,-135
+110,-140
+115,-140
+120,-145
+125,-150
+130,-155
+135,-155
+140,-160
+145,-165
+150,-165
+155,-170
+160,-170
+165,-175
+170,-175
+175,-180
+180,-180
