-180,+175
-175,+170
-170,+170
-165,+165
-160,+165
-155,+160
-150,+155
-145,+150
-140,+145
-135,+140
-130,+140
-125,+135
-120,+130
-115,+125
-110,+120
-105,+110
-100,+105
-095,+100
-090,+095
-085,+090
-080,+085
-075,+080
-070,+075
-065,+070
-060,+065
-055,+060
-050,+055
-045,+050
-040,+045
-035,+040
-030,+035
-025,+030
-020,+025
-015,+020
-010,+015
-005,+010
+000,+000
+005,-010
+010,-020
+015,-030
+020,-040
+025,-045
+030,-050
+035,-055
+040,-060
+045,-065
+050,-070
+055,-075
+060,-080
+065,-085
+070,-090
+075,-090
+080,-095
+085,-100
+090,-100
+095,-105
+100,-105
+105,-110
+110,-115
+115,-125
+120,-135
+125,-145
+130,-155
+135,-160
+140,-170
+145,-180
+150,+175
+155,+170
+160,+165
+165,+160
+170,+165
+175,+170
+180,+170
