-180,+175
-175,+180
-170,+180
-165,+180
-160,+175
-155,+175
-150,+175
-145,+170
-140,+170
-135,+170
-130,+165
-125,+160
-120,+160
-115,+155
-110,+150
-105,+145
-100,+140
-095,+135
-090,+130
-085,+120
-080,+105
-075,+090
-070,+075
-065,+060
-060,+055
-055,+050
-050,+045
-045,+040
-040,+035
-035,+030
-030,+025
-025,+020
-020,+015
-015,+010
-010,+005
-005,+000
+000,+000
+005,-005
+010,-010
+015,-015
+020,-015
+025,-020
+030,-020
+035,-020
+040,-025
+045,-025
+050,-030
+055,-030
+060,-035
+065,-040
+070,-045
+075,-050
+080,-060
+085,-070
+090,-080
+095,-090
+100,-100
+105,-110
+110,-120
+115,-130
+120,-140
+125,-150
+130,-160
+135,-165
+140,-170
+145,-175
+150,-180
+155,-180
+160,+175
+165,+170
+170,+170
+175,+175
+180,+175
