-180,+180
-175,+180
-170,+175
-165,+175
-160,+170
-155,+170
-150,+165
-145,+160
-140,+160
-135,+155
-130,+155
-125,+150
-120,+150
-115,+145
-110,+140
-105,+135
-100,+135
-095,+130
-090,+125
-085,+120
-080,+115
-075,+110
-070,+105
-065,+100
-060,+095
-055,+085
-050,+080
-045,+070
-040,+065
-035,+055
-030,+045
-025,+035
-020,+030
-015,+020
-010,+015
-005,+010
+000,+000
+005,-005
+010,-010
+015,-015
+020,-020
+025,-025
+030,-030
+035,-030
+040,-035
+045,-040
+050,-040
+055,-045
+060,-050
+065,-050
+070,-055
+075,-060
+080,-065
+085,-070
+090,-075
+095,-075
+100,-080
+105,-085
+110,-090
+115,-100
+120,-105
+125,-115
+130,-125
+135,-130
+140,-140
+145,-145
+150,-150
+155,-155
+160,-160
+165,-165
+170,-170
+175,-175
+180,-180
