-180,+165
-175,+160
-170,+155
-165,+150
-160,+150
-155,+145
-150,+140
-145,+135
-140,+135
-135,+130
-130,+125
-125,+120
-120,+115
-115,+115
-110,+110
-105,+105
-100,+100
-095,+095
-090,+095
-085,+090
-080,+085
-075,+080
-070,+075
-065,+070
-060,+065
-055,+055
-050,+050
-045,+045
-040,+040
-035,+035
-030,+030
-025,+025
-020,+020
-015,+015
-010,+010
-005,+005
+000,+000
+005,-005
+010,-015
+015,-020
+020,-025
+025,-035
+030,-040
+035,-045
+040,-055
+045,-060
+050,-065
+055,-070
+060,-075
+065,-085
+070,-090
+075,-095
+080,-100
+085,-100
+090,-105
+095,-110
+100,-115
+105,-120
+110,-125
+115,-130
+120,-135
+125,-140
+130,-145
+135,-150
+140,-155
+145,-160
+150,-165
+155,-170
+160,-175
+165,-180
+170,+175
+175,+170
+180,+165
