$molecule
0  1
--
0  1
C        +0.22270000        +1.04488000        +0.58595000
C        +0.62626000        -0.41353000        +0.99871000
C        -1.18200000        +1.23223000        +0.04377000
C        -0.37457000        -1.51643000        +0.72333000
O        -2.09172000        +0.78832000        +0.93966000
O        -1.47336000        +1.75939000        -0.99882000
O        -0.91364000        -1.42792000        -0.50620000
O        -0.62208000        -2.40877000        +1.49911000
C        -1.86134000        -2.44741000        -0.86560000
C        -3.47068000        +0.87492000        +0.53920000
C        +1.33008000        +1.39974000        -0.43491000
C        +2.63070000        +1.71700000        +0.32855000
C        +3.04336000        +0.29351000        +0.80300000
C        +1.94423000        -0.59299000        +0.15262000
O        +1.62840000        +0.13663000        -1.04376000
H        +0.27811000        +1.68786000        +1.46900000
H        +0.83923000        -0.48042000        +2.06408000
H        -2.68749000        -2.46677000        -0.15296000
H        -3.76076000        +1.91522000        +0.38406000
H        +3.37234000        +2.13782000        -0.35195000
H        +2.48236000        +2.42488000        +1.14651000
H        +4.02182000        +0.00994000        +0.41161000
H        +3.07359000        +0.18738000        +1.88928000
H        -2.21148000        -2.17765000        -1.85937000
H        -1.38062000        -3.42697000        -0.88096000
H        -4.03855000        +0.43623000        +1.35671000
H        -3.63120000        +0.31700000        -0.38495000
C        +2.35450000        -2.01267000        -0.16812000
H        +3.26311000        -2.00678000        -0.77366000
H        +2.54990000        -2.57059000        +0.75079000
H        +1.57335000        -2.52896000        -0.72872000
H        +1.03270000        +2.19943000        -1.08064000
--
0  1
C        +0.25348000        +2.78827000        +6.22241000
C        +0.65704000        +1.32986000        +6.63517000
C        -1.15122000        +2.97562000        +5.68023000
C        -0.34379000        +0.22696000        +6.35979000
O        -2.06094000        +2.53171000        +6.57612000
O        -1.44258000        +3.50278000        +4.63764000
O        -0.88286000        +0.31547000        +5.13026000
O        -0.59130000        -0.66538000        +7.13557000
C        -1.83056000        -0.70402000        +4.77086000
C        -3.43990000        +2.61831000        +6.17566000
C        +1.36086000        +3.14313000        +5.20155000
C        +2.66148000        +3.46039000        +5.96501000
C        +3.07414000        +2.03690000        +6.43946000
C        +1.97501000        +1.15040000        +5.78908000
O        +1.65918000        +1.88002000        +4.59270000
H        +0.30889000        +3.43125000        +7.10546000
H        +0.87001000        +1.26297000        +7.70054000
H        -2.65671000        -0.72338000        +5.48350000
H        -3.72998000        +3.65861000        +6.02052000
H        +3.40312000        +3.88121000        +5.28451000
H        +2.51314000        +4.16827000        +6.78297000
H        +4.05260000        +1.75333000        +6.04807000
H        +3.10437000        +1.93077000        +7.52574000
H        -2.18070000        -0.43426000        +3.77709000
H        -1.34984000        -1.68358000        +4.75550000
H        -4.00777000        +2.17962000        +6.99317000
H        -3.60042000        +2.06039000        +5.25151000
C        +2.38528000        -0.26928000        +5.46834000
H        +3.29389000        -0.26339000        +4.86280000
H        +2.58068000        -0.82720000        +6.38725000
H        +1.60413000        -0.78557000        +4.90774000
H        +1.06348000        +3.94282000        +4.55582000
$end

$rem
JOBTYPE                   SP
METHOD                    B3LYP
DFT_D                     d3_op
BASIS                     6-311++G(d,p)
SYMMETRY                  False
THRESH                    12
SCF_CONVERGENCE           8
MAX_SUB_FILE_NUM          128
MEM_STATIC                400
MEM_TOTAL                 4000
$end
