0.000  0.000     -755.7303913
0.000  1.047     -755.7292871
0.000  2.094     -755.7322929
0.000  3.142     -755.7293108
0.000  4.189     -755.7324039
0.000  5.236     -755.7323706
1.047  0.000     -755.7317462
1.047  1.047     -755.7281152
1.047  2.094     -755.7230062
1.047  3.142     -755.7310085
1.047  4.189     -755.7293804
1.047  5.236     -755.7248057
2.094  0.000     -755.7329723
2.094  1.047     -755.7205073
2.094  2.094     -755.7289166
2.094  3.142     -755.7317344
2.094  4.189     -755.7224018
2.094  5.236     -755.7287613
3.142  0.000     -755.7292033
3.142  1.047     -755.7278489
3.142  2.094     -755.7310745
3.142  3.142     -755.7277584
3.142  4.189     -755.7308398
3.142  5.236     -755.7311728
4.189  0.000     -755.7318508
4.189  1.047     -755.7293586
4.189  2.094     -755.7196339
4.189  3.142     -755.7308688
4.189  4.189     -755.7299454
4.189  5.236     -755.7239805
5.236  0.000     -755.7296249
5.236  1.047     -755.7163902
5.236  2.094     -755.7277889
5.236  3.142     -755.7283917
5.236  4.189     -755.7187505
5.236  5.236     -755.7268941
