0.000  0.000    -1073.3210767
0.000  0.175    -1073.3207096
0.000  0.349    -1073.3194509
0.000  0.524    -1073.3173660
0.000  0.698    -1073.3143476
0.000  0.873    -1073.3118613
0.000  1.047    -1073.3109534
0.000  1.222    -1073.3107028
0.000  1.396    -1073.3111489
0.000  1.571    -1073.3121762
0.000  1.745    -1073.3134150
0.000  1.920    -1073.3146423
0.000  2.094    -1073.3157368
0.000  2.269    -1073.3168546
0.000  2.443    -1073.3178510
0.000  2.618    -1073.3188736
0.000  2.793    -1073.3195336
0.000  2.967    -1073.3196302
0.000  3.142    -1073.3193031
0.000  3.316    -1073.3182404
0.000  3.491    -1073.3161266
0.000  3.665    -1073.3137519
0.000  3.840    -1073.3119305
0.000  4.014    -1073.3104760
0.000  4.189    -1073.3095975
0.000  4.363    -1073.3096808
0.000  4.538    -1073.3105590
0.000  4.712    -1073.3120890
0.000  4.887    -1073.3139805
0.000  5.061    -1073.3157847
0.000  5.236    -1073.3174875
0.000  5.411    -1073.3188368
0.000  5.585    -1073.3196544
0.000  5.760    -1073.3200071
0.000  5.934    -1073.3202764
0.000  6.109    -1073.3209053
0.175  0.000    -1073.3206014
0.175  0.175    -1073.3204091
0.175  0.349    -1073.3195982
0.175  0.524    -1073.3180237
0.175  0.698    -1073.3163919
0.175  0.873    -1073.3153045
0.175  1.047    -1073.3141385
0.175  1.222    -1073.3132577
0.175  1.396    -1073.3129431
0.175  1.571    -1073.3130961
0.175  1.745    -1073.3135563
0.175  1.920    -1073.3141893
0.175  2.094    -1073.3148378
0.175  2.269    -1073.3156220
0.175  2.443    -1073.3165544
0.175  2.618    -1073.3176475
0.175  2.793    -1073.3184653
0.175  2.967    -1073.3188714
0.175  3.142    -1073.3189639
0.175  3.316    -1073.3183781
0.175  3.491    -1073.3176164
0.175  3.665    -1073.3164375
0.175  3.840    -1073.3149939
0.175  4.014    -1073.3136219
0.175  4.189    -1073.3125644
0.175  4.363    -1073.3121807
0.175  4.538    -1073.3124411
0.175  4.712    -1073.3132596
0.175  4.887    -1073.3144369
0.175  5.061    -1073.3157434
0.175  5.236    -1073.3170267
0.175  5.411    -1073.3180125
0.175  5.585    -1073.3185751
0.175  5.760    -1073.3189644
0.175  5.934    -1073.3195650
0.175  6.109    -1073.3202924
0.349  0.000    -1073.3192847
0.349  0.175    -1073.3192617
0.349  0.349    -1073.3188852
0.349  0.524    -1073.3187364
0.349  0.698    -1073.3188188
0.349  0.873    -1073.3179780
0.349  1.047    -1073.3166904
0.349  1.222    -1073.3154296
0.349  1.396    -1073.3145322
0.349  1.571    -1073.3139395
0.349  1.745    -1073.3136726
0.349  1.920    -1073.3137398
0.349  2.094    -1073.3139319
0.349  2.269    -1073.3142860
0.349  2.443    -1073.3150585
0.349  2.618    -1073.3160669
0.349  2.793    -1073.3168935
0.349  2.967    -1073.3174892
0.349  3.142    -1073.3180493
0.349  3.316    -1073.3186098
0.349  3.491    -1073.3187698
0.349  3.665    -1073.3182488
0.349  3.840    -1073.3172287
0.349  4.014    -1073.3159536
0.349  4.189    -1073.3148433
0.349  4.363    -1073.3141619
0.349  4.538    -1073.3139908
0.349  4.712    -1073.3142069
0.349  4.887    -1073.3147657
0.349  5.061    -1073.3155753
0.349  5.236    -1073.3163499
0.349  5.411    -1073.3169232
0.349  5.585    -1073.3172289
0.349  5.760    -1073.3175419
0.349  5.934    -1073.3181955
0.349  6.109    -1073.3189395
0.524  0.000    -1073.3175911
0.524  0.175    -1073.3179151
0.524  0.349    -1073.3184935
0.524  0.524    -1073.3195570
0.524  0.698    -1073.3202352
0.524  0.873    -1073.3198279
0.524  1.047    -1073.3187155
0.524  1.222    -1073.3172613
0.524  1.396    -1073.3159221
0.524  1.571    -1073.3147754
0.524  1.745    -1073.3139081
0.524  1.920    -1073.3133657
0.524  2.094    -1073.3130740
0.524  2.269    -1073.3130944
0.524  2.443    -1073.3136079
0.524  2.618    -1073.3147060
0.524  2.793    -1073.3157000
0.524  2.967    -1073.3165614
0.524  3.142    -1073.3176423
0.524  3.316    -1073.3186509
0.524  3.491    -1073.3192050
0.524  3.665    -1073.3190538
0.524  3.840    -1073.3184283
0.524  4.014    -1073.3173566
0.524  4.189    -1073.3164086
0.524  4.363    -1073.3156016
0.524  4.538    -1073.3151095
0.524  4.712    -1073.3149785
0.524  4.887    -1073.3151140
0.524  5.061    -1073.3154574
0.524  5.236    -1073.3157533
0.524  5.411    -1073.3158190
0.524  5.585    -1073.3156824
0.524  5.760    -1073.3157724
0.524  5.934    -1073.3163656
0.524  6.109    -1073.3171229
0.698  0.000    -1073.3160909
0.698  0.175    -1073.3170793
0.698  0.349    -1073.3185080
0.698  0.524    -1073.3199821
0.698  0.698    -1073.3209027
0.698  0.873    -1073.3208160
0.698  1.047    -1073.3199411
0.698  1.222    -1073.3184886
0.698  1.396    -1073.3168203
0.698  1.571    -1073.3152760
0.698  1.745    -1073.3139610
0.698  1.920    -1073.3129122
0.698  2.094    -1073.3121343
0.698  2.269    -1073.3117441
0.698  2.443    -1073.3119521
0.698  2.618    -1073.3132800
0.698  2.793    -1073.3145569
0.698  2.967    -1073.3157228
0.698  3.142    -1073.3171674
0.698  3.316    -1073.3184526
0.698  3.491    -1073.3191715
0.698  3.665    -1073.3191985
0.698  3.840    -1073.3187857
0.698  4.014    -1073.3179434
0.698  4.189    -1073.3171293
0.698  4.363    -1073.3163635
0.698  4.538    -1073.3157152
0.698  4.712    -1073.3153437
0.698  4.887    -1073.3152179
0.698  5.061    -1073.3151171
0.698  5.236    -1073.3148090
0.698  5.411    -1073.3142736
0.698  5.585    -1073.3137789
0.698  5.760    -1073.3137744
0.698  5.934    -1073.3144067
0.698  6.109    -1073.3153064
0.873  0.000    -1073.3148887
0.873  0.175    -1073.3164480
0.873  0.349    -1073.3182472
0.873  0.524    -1073.3198544
0.873  0.698    -1073.3208887
0.873  0.873    -1073.3209685
0.873  1.047    -1073.3203496
0.873  1.222    -1073.3189837
0.873  1.396    -1073.3172495
0.873  1.571    -1073.3154221
0.873  1.745    -1073.3136992
0.873  1.920    -1073.3121802
0.873  2.094    -1073.3109282
0.873  2.269    -1073.3101758
0.873  2.443    -1073.3101273
0.873  2.618    -1073.3118197
0.873  2.793    -1073.3132246
0.873  2.967    -1073.3146183
0.873  3.142    -1073.3163503
0.873  3.316    -1073.3178333
0.873  3.491    -1073.3187689
0.873  3.665    -1073.3189909
0.873  3.840    -1073.3187135
0.873  4.014    -1073.3180086
0.873  4.189    -1073.3172735
0.873  4.363    -1073.3165119
0.873  4.538    -1073.3158289
0.873  4.712    -1073.3153891
0.873  4.887    -1073.3150052
0.873  5.061    -1073.3145347
0.873  5.236    -1073.3137273
0.873  5.411    -1073.3127014
0.873  5.585    -1073.3119026
0.873  5.760    -1073.3118479
0.873  5.934    -1073.3125987
0.873  6.109    -1073.3137124
1.047  0.000    -1073.3139208
1.047  0.175    -1073.3157523
1.047  0.349    -1073.3176782
1.047  0.524    -1073.3193196
1.047  0.698    -1073.3203976
1.047  0.873    -1073.3206694
1.047  1.047    -1073.3202913
1.047  1.222    -1073.3191358
1.047  1.396    -1073.3174291
1.047  1.571    -1073.3153593
1.047  1.745    -1073.3133265
1.047  1.920    -1073.3113934
1.047  2.094    -1073.3097295
1.047  2.269    -1073.3086477
1.047  2.443    -1073.3082860
1.047  2.618    -1073.3102754
1.047  2.793    -1073.3118229
1.047  2.967    -1073.3135283
1.047  3.142    -1073.3152808
1.047  3.316    -1073.3168480
1.047  3.491    -1073.3178841
1.047  3.665    -1073.3182941
1.047  3.840    -1073.3182262
1.047  4.014    -1073.3176467
1.047  4.189    -1073.3169896
1.047  4.363    -1073.3163232
1.047  4.538    -1073.3157192
1.047  4.712    -1073.3152112
1.047  4.887    -1073.3146041
1.047  5.061    -1073.3137479
1.047  5.236    -1073.3124978
1.047  5.411    -1073.3110756
1.047  5.585    -1073.3100360
1.047  5.760    -1073.3099434
1.047  5.934    -1073.3108421
1.047  6.109    -1073.3120741
1.222  0.000    -1073.3130262
1.222  0.175    -1073.3149614
1.222  0.349    -1073.3169165
1.222  0.524    -1073.3185439
1.222  0.698    -1073.3196692
1.222  0.873    -1073.3203645
1.222  1.047    -1073.3202165
1.222  1.222    -1073.3191989
1.222  1.396    -1073.3174990
1.222  1.571    -1073.3153126
1.222  1.745    -1073.3130185
1.222  1.920    -1073.3107671
1.222  2.094    -1073.3087844
1.222  2.269    -1073.3073665
1.222  2.443    -1073.3067519
1.222  2.618    -1073.3088046
1.222  2.793    -1073.3105843
1.222  2.967    -1073.3125086
1.222  3.142    -1073.3143280
1.222  3.316    -1073.3159155
1.222  3.491    -1073.3170523
1.222  3.665    -1073.3176092
1.222  3.840    -1073.3177186
1.222  4.014    -1073.3173734
1.222  4.189    -1073.3168857
1.222  4.363    -1073.3162849
1.222  4.538    -1073.3157106
1.222  4.712    -1073.3150903
1.222  4.887    -1073.3142546
1.222  5.061    -1073.3131049
1.222  5.236    -1073.3115669
1.222  5.411    -1073.3098538
1.222  5.585    -1073.3086093
1.222  5.760    -1073.3084927
1.222  5.934    -1073.3095658
1.222  6.109    -1073.3111313
1.396  0.000    -1073.3126861
1.396  0.175    -1073.3146358
1.396  0.349    -1073.3165140
1.396  0.524    -1073.3180481
1.396  0.698    -1073.3193623
1.396  0.873    -1073.3202084
1.396  1.047    -1073.3201692
1.396  1.222    -1073.3192490
1.396  1.396    -1073.3174836
1.396  1.571    -1073.3151921
1.396  1.745    -1073.3126439
1.396  1.920    -1073.3100923
1.396  2.094    -1073.3078091
1.396  2.269    -1073.3060950
1.396  2.443    -1073.3052439
1.396  2.618    -1073.3051669
1.396  2.793    -1073.3100960
1.396  2.967    -1073.3120630
1.396  3.142    -1073.3138770
1.396  3.316    -1073.3153717
1.396  3.491    -1073.3163507
1.396  3.665    -1073.3170473
1.396  3.840    -1073.3172512
1.396  4.014    -1073.3171736
1.396  4.189    -1073.3168253
1.396  4.363    -1073.3162579
1.396  4.538    -1073.3156121
1.396  4.712    -1073.3148547
1.396  4.887    -1073.3137463
1.396  5.061    -1073.3123268
1.396  5.236    -1073.3105281
1.396  5.411    -1073.3085270
1.396  5.585    -1073.3071027
1.396  5.760    -1073.3070098
1.396  5.934    -1073.3082476
1.396  6.109    -1073.3107372
1.571  0.000    -1073.3130302
1.571  0.175    -1073.3148249
1.571  0.349    -1073.3164443
1.571  0.524    -1073.3176773
1.571  0.698    -1073.3188901
1.571  0.873    -1073.3196467
1.571  1.047    -1073.3196698
1.571  1.222    -1073.3187935
1.571  1.396    -1073.3169563
1.571  1.571    -1073.3145318
1.571  1.745    -1073.3116801
1.571  1.920    -1073.3087994
1.571  2.094    -1073.3062060
1.571  2.269    -1073.3042272
1.571  2.443    -1073.3030824
1.571  2.618    -1073.3089903
1.571  2.793    -1073.3108618
1.571  2.967    -1073.3124931
1.571  3.142    -1073.3140106
1.571  3.316    -1073.3150799
1.571  3.491    -1073.3157866
1.571  3.665    -1073.3163761
1.571  3.840    -1073.3165665
1.571  4.014    -1073.3166336
1.571  4.189    -1073.3163622
1.571  4.363    -1073.3157468
1.571  4.538    -1073.3149627
1.571  4.712    -1073.3140149
1.571  4.887    -1073.3127175
1.571  5.061    -1073.3110707
1.571  5.236    -1073.3090441
1.571  5.411    -1073.3068343
1.571  5.585    -1073.3052001
1.571  5.760    -1073.3083939
1.571  5.934    -1073.3097232
1.571  6.109    -1073.3112328
1.745  0.000    -1073.3138441
1.745  0.175    -1073.3151581
1.745  0.349    -1073.3162762
1.745  0.524    -1073.3170733
1.745  0.698    -1073.3179410
1.745  0.873    -1073.3184377
1.745  1.047    -1073.3184452
1.745  1.222    -1073.3175084
1.745  1.396    -1073.3155978
1.745  1.571    -1073.3129119
1.745  1.745    -1073.3097686
1.745  1.920    -1073.3065247
1.745  2.094    -1073.3036450
1.745  2.269    -1073.3013880
1.745  2.443    -1073.3085313
1.745  2.618    -1073.3105167
1.745  2.793    -1073.3121140
1.745  2.967    -1073.3133470
1.745  3.142    -1073.3143295
1.745  3.316    -1073.3147741
1.745  3.491    -1073.3150248
1.745  3.665    -1073.3152446
1.745  3.840    -1073.3153090
1.745  4.014    -1073.3153493
1.745  4.189    -1073.3150725
1.745  4.363    -1073.3143845
1.745  4.538    -1073.3134804
1.745  4.712    -1073.3123301
1.745  4.887    -1073.3108121
1.745  5.061    -1073.3088698
1.745  5.236    -1073.3065079
1.745  5.411    -1073.3040772
1.745  5.585    -1073.3087101
1.745  5.760    -1073.3100152
1.745  5.934    -1073.3111372
1.745  6.109    -1073.3123724
1.920  0.000    -1073.3145630
1.920  0.175    -1073.3153010
1.920  0.349    -1073.3158024
1.920  0.524    -1073.3161505
1.920  0.698    -1073.3166274
1.920  0.873    -1073.3167221
1.920  1.047    -1073.3165061
1.920  1.222    -1073.3153254
1.920  1.396    -1073.3131099
1.920  1.571    -1073.3100970
1.920  1.745    -1073.3066739
1.920  1.920    -1073.3031339
1.920  2.094    -1073.2999515
1.920  2.269    -1073.3081420
1.920  2.443    -1073.3103676
1.920  2.618    -1073.3120304
1.920  2.793    -1073.3133104
1.920  2.967    -1073.3141155
1.920  3.142    -1073.3144229
1.920  3.316    -1073.3142414
1.920  3.491    -1073.3140742
1.920  3.665    -1073.3138149
1.920  3.840    -1073.3136084
1.920  4.014    -1073.3134080
1.920  4.189    -1073.3129853
1.920  4.363    -1073.3122000
1.920  4.538    -1073.3110169
1.920  4.712    -1073.3095293
1.920  4.887    -1073.3077211
1.920  5.061    -1073.3055253
1.920  5.236    -1073.3028865
1.920  5.411    -1073.3089117
1.920  5.585    -1073.3108092
1.920  5.760    -1073.3118696
1.920  5.934    -1073.3127035
1.920  6.109    -1073.3135819
2.094  0.000    -1073.3149848
2.094  0.175    -1073.3152378
2.094  0.349    -1073.3152541
2.094  0.524    -1073.3151228
2.094  0.698    -1073.3150935
2.094  0.873    -1073.3147138
2.094  1.047    -1073.3139842
2.094  1.222    -1073.3123462
2.094  1.396    -1073.3097317
2.094  1.571    -1073.3063221
2.094  1.745    -1073.3025347
2.094  1.920    -1073.2987147
2.094  2.094    -1073.3072277
2.094  2.269    -1073.3098321
2.094  2.443    -1073.3117910
2.094  2.618    -1073.3131706
2.094  2.793    -1073.3141525
2.094  2.967    -1073.3145588
2.094  3.142    -1073.3142637
2.094  3.316    -1073.3136492
2.094  3.491    -1073.3130335
2.094  3.665    -1073.3122643
2.094  3.840    -1073.3117349
2.094  4.014    -1073.3110708
2.094  4.189    -1073.3102490
2.094  4.363    -1073.3091132
2.094  4.538    -1073.3075818
2.094  4.712    -1073.3057680
2.094  4.887    -1073.3036486
2.094  5.061    -1073.3011630
2.094  5.236    -1073.3082915
2.094  5.411    -1073.3109374
2.094  5.585    -1073.3125274
2.094  5.760    -1073.3133867
2.094  5.934    -1073.3139288
2.094  6.109    -1073.3144662
2.269  0.000    -1073.3152314
2.269  0.175    -1073.3151680
2.269  0.349    -1073.3147738
2.269  0.524    -1073.3141663
2.269  0.698    -1073.3135187
2.269  0.873    -1073.3125283
2.269  1.047    -1073.3111019
2.269  1.222    -1073.3088308
2.269  1.396    -1073.3056505
2.269  1.571    -1073.3017888
2.269  1.745    -1073.2976338
2.269  1.920    -1073.3056652
2.269  2.094    -1073.3086947
2.269  2.269    -1073.3110482
2.269  2.443    -1073.3127644
2.269  2.618    -1073.3139602
2.269  2.793    -1073.3147453
2.269  2.967    -1073.3148024
2.269  3.142    -1073.3140577
2.269  3.316    -1073.3131216
2.269  3.491    -1073.3121013
2.269  3.665    -1073.3108783
2.269  3.840    -1073.3097703
2.269  4.014    -1073.3084862
2.269  4.189    -1073.3071311
2.269  4.363    -1073.3055165
2.269  4.538    -1073.3035188
2.269  4.712    -1073.3012821
2.269  4.887    -1073.2988453
2.269  5.061    -1073.3066396
2.269  5.236    -1073.3101543
2.269  5.411    -1073.3125530
2.269  5.585    -1073.3138938
2.269  5.760    -1073.3145332
2.269  5.934    -1073.3147661
2.269  6.109    -1073.3150258
2.443  0.000    -1073.3155706
2.443  0.175    -1073.3153429
2.443  0.349    -1073.3145628
2.443  0.524    -1073.3134925
2.443  0.698    -1073.3121483
2.443  0.873    -1073.3104121
2.443  1.047    -1073.3081912
2.443  1.222    -1073.3052322
2.443  1.396    -1073.3014224
2.443  1.571    -1073.2970655
2.443  1.745    -1073.3039003
2.443  1.920    -1073.3071708
2.443  2.094    -1073.3099092
2.443  2.269    -1073.3119992
2.443  2.443    -1073.3135181
2.443  2.618    -1073.3145428
2.443  2.793    -1073.3151524
2.443  2.967    -1073.3149320
2.443  3.142    -1073.3140162
2.443  3.316    -1073.3128620
2.443  3.491    -1073.3114612
2.443  3.665    -1073.3097158
2.443  3.840    -1073.3078931
2.443  4.014    -1073.3059512
2.443  4.189    -1073.3038999
2.443  4.363    -1073.3016883
2.443  4.538    -1073.2992586
2.443  4.712    -1073.2966820
2.443  4.887    -1073.3044548
2.443  5.061    -1073.3084750
2.443  5.236    -1073.3116475
2.443  5.411    -1073.3137857
2.443  5.585    -1073.3149347
2.443  5.760    -1073.3153593
2.443  5.934    -1073.3154037
2.443  6.109    -1073.3155180
2.618  0.000    -1073.3160794
2.618  0.175    -1073.3157483
2.618  0.349    -1073.3147207
2.618  0.524    -1073.3132375
2.618  0.698    -1073.3112650
2.618  0.873    -1073.3088132
2.618  1.047    -1073.3058158
2.618  1.222    -1073.3021672
2.618  1.396    -1073.2977736
2.618  1.571    -1073.3026936
2.618  1.745    -1073.3056440
2.618  1.920    -1073.3085094
2.618  2.094    -1073.3109186
2.618  2.269    -1073.3127601
2.618  2.443    -1073.3140856
2.618  2.618    -1073.3149812
2.618  2.793    -1073.3155058
2.618  2.967    -1073.3151775
2.618  3.142    -1073.3142190
2.618  3.316    -1073.3129650
2.618  3.491    -1073.3111705
2.618  3.665    -1073.3089730
2.618  3.840    -1073.3064712
2.618  4.014    -1073.3038282
2.618  4.189    -1073.3010960
2.618  4.363    -1073.2982880
2.618  4.538    -1073.2955284
2.618  4.712    -1073.3023287
2.618  4.887    -1073.3063705
2.618  5.061    -1073.3099900
2.618  5.236    -1073.3128137
2.618  5.411    -1073.3147277
2.618  5.585    -1073.3156909
2.618  5.760    -1073.3159839
2.618  5.934    -1073.3159196
2.618  6.109    -1073.3160487
2.793  0.000    -1073.3168616
2.793  0.175    -1073.3164919
2.793  0.349    -1073.3153022
2.793  0.524    -1073.3134772
2.793  0.698    -1073.3110469
2.793  0.873    -1073.3080158
2.793  1.047    -1073.3043842
2.793  1.222    -1073.3001191
2.793  1.396    -1073.2953701
2.793  1.571    -1073.3046913
2.793  1.745    -1073.3072127
2.793  1.920    -1073.3096564
2.793  2.094    -1073.3117195
2.793  2.269    -1073.3133178
2.793  2.443    -1073.3144986
2.793  2.618    -1073.3154282
2.793  2.793    -1073.3159319
2.793  2.967    -1073.3155684
2.793  3.142    -1073.3147611
2.793  3.316    -1073.3134401
2.793  3.491    -1073.3113779
2.793  3.665    -1073.3087451
2.793  3.840    -1073.3056606
2.793  4.014    -1073.3025023
2.793  4.189    -1073.2993273
2.793  4.363    -1073.2962183
2.793  4.538    -1073.3009954
2.793  4.712    -1073.3044297
2.793  4.887    -1073.3079742
2.793  5.061    -1073.3111695
2.793  5.236    -1073.3136979
2.793  5.411    -1073.3154798
2.793  5.585    -1073.3163703
2.793  5.760    -1073.3165860
2.793  5.934    -1073.3165703
2.793  6.109    -1073.3167864
2.967  0.000    -1073.3175937
2.967  0.175    -1073.3172677
2.967  0.349    -1073.3161943
2.967  0.524    -1073.3143290
2.967  0.698    -1073.3116261
2.967  0.873    -1073.3082305
2.967  1.047    -1073.3042897
2.967  1.222    -1073.2980279
2.967  1.396    -1073.3046400
2.967  1.571    -1073.3065572
2.967  1.745    -1073.3085466
2.967  1.920    -1073.3104263
2.967  2.094    -1073.3120794
2.967  2.269    -1073.3134660
2.967  2.443    -1073.3146553
2.967  2.618    -1073.3157039
2.967  2.793    -1073.3162490
2.967  2.967    -1073.3159610
2.967  3.142    -1073.3153280
2.967  3.316    -1073.3141029
2.967  3.491    -1073.3118763
2.967  3.665    -1073.3089719
2.967  3.840    -1073.3056438
2.967  4.014    -1073.3023077
2.967  4.363    -1073.3014328
2.967  4.538    -1073.3034669
2.967  4.712    -1073.3062358
2.967  4.887    -1073.3091697
2.967  5.061    -1073.3119285
2.967  5.236    -1073.3142862
2.967  5.411    -1073.3159774
2.967  5.585    -1073.3168236
2.967  5.760    -1073.3170762
2.967  5.934    -1073.3171475
2.967  6.109    -1073.3174674
3.142  0.000    -1073.3184065
3.142  0.175    -1073.3182327
3.142  0.349    -1073.3173447
3.142  0.524    -1073.3155663
3.142  0.698    -1073.3128580
3.142  0.873    -1073.3094199
3.142  1.047    -1073.3055654
3.142  1.222    -1073.3065043
3.142  1.396    -1073.3070202
3.142  1.571    -1073.3081724
3.142  1.745    -1073.3094731
3.142  1.920    -1073.3107809
3.142  2.094    -1073.3120418
3.142  2.269    -1073.3132322
3.142  2.443    -1073.3144712
3.142  2.618    -1073.3156067
3.142  2.793    -1073.3162517
3.142  2.967    -1073.3162528
3.142  3.142    -1073.3160971
3.142  3.316    -1073.3149497
3.142  3.491    -1073.3127817
3.142  3.665    -1073.3098386
3.142  3.840    -1073.3065493
3.142  4.014    -1073.3042904
3.142  4.189    -1073.3037869
3.142  4.363    -1073.3044158
3.142  4.538    -1073.3058529
3.142  4.712    -1073.3079132
3.142  4.887    -1073.3102178
3.142  5.061    -1073.3124309
3.142  5.236    -1073.3144466
3.142  5.411    -1073.3160492
3.142  5.585    -1073.3169836
3.142  5.760    -1073.3174115
3.142  5.934    -1073.3177091
3.142  6.109    -1073.3181992
3.316  0.000    -1073.3189891
3.316  0.175    -1073.3189708
3.316  0.349    -1073.3183972
3.316  0.524    -1073.3168932
3.316  0.698    -1073.3143581
3.316  0.873    -1073.3109505
3.316  1.047    -1073.3098959
3.316  1.222    -1073.3094065
3.316  1.396    -1073.3092949
3.316  1.571    -1073.3096211
3.316  1.745    -1073.3102463
3.316  1.920    -1073.3109717
3.316  2.094    -1073.3117602
3.316  2.269    -1073.3126778
3.316  2.443    -1073.3138365
3.316  2.618    -1073.3149909
3.316  2.793    -1073.3158328
3.316  2.967    -1073.3163364
3.316  3.142    -1073.3165127
3.316  3.316    -1073.3155711
3.316  3.491    -1073.3135710
3.316  3.665    -1073.3108711
3.316  3.840    -1073.3087238
3.316  4.014    -1073.3076232
3.316  4.189    -1073.3071053
3.316  4.363    -1073.3073219
3.316  4.538    -1073.3081382
3.316  4.712    -1073.3094557
3.316  4.887    -1073.3110697
3.316  5.061    -1073.3128109
3.316  5.236    -1073.3144789
3.316  5.411    -1073.3159036
3.316  5.585    -1073.3169008
3.316  5.760    -1073.3174296
3.316  5.934    -1073.3179961
3.316  6.109    -1073.3186348
3.491  0.000    -1073.3191294
3.491  0.175    -1073.3192686
3.491  0.349    -1073.3189497
3.491  0.524    -1073.3179334
3.491  0.698    -1073.3159837
3.491  0.873    -1073.3141946
3.491  1.047    -1073.3130946
3.491  1.222    -1073.3121437
3.491  1.396    -1073.3114711
3.491  1.571    -1073.3110891
3.491  1.745    -1073.3110304
3.491  1.920    -1073.3111668
3.491  2.094    -1073.3115135
3.491  2.269    -1073.3121151
3.491  2.443    -1073.3131314
3.491  2.618    -1073.3141628
3.491  2.793    -1073.3150817
3.491  2.967    -1073.3158531
3.491  3.142    -1073.3163480
3.491  3.316    -1073.3158311
3.491  3.491    -1073.3143250
3.491  3.665    -1073.3127555
3.491  3.840    -1073.3118304
3.491  4.014    -1073.3108514
3.491  4.189    -1073.3101954
3.491  4.363    -1073.3100356
3.491  4.538    -1073.3102494
3.491  4.712    -1073.3109462
3.491  4.887    -1073.3119951
3.491  5.061    -1073.3132521
3.491  5.236    -1073.3145389
3.491  5.411    -1073.3156747
3.491  5.585    -1073.3164480
3.491  5.760    -1073.3170108
3.491  5.934    -1073.3177417
3.491  6.109    -1073.3185596
3.665  0.000    -1073.3186768
3.665  0.175    -1073.3189763
3.665  0.349    -1073.3189303
3.665  0.524    -1073.3184399
3.665  0.698    -1073.3175558
3.665  0.873    -1073.3169148
3.665  1.047    -1073.3158717
3.665  1.222    -1073.3146959
3.665  1.396    -1073.3135870
3.665  1.571    -1073.3127486
3.665  1.745    -1073.3121159
3.665  1.920    -1073.3116756
3.665  2.094    -1073.3115337
3.665  2.269    -1073.3117040
3.665  2.443    -1073.3122581
3.665  2.618    -1073.3130119
3.665  2.793    -1073.3138553
3.665  2.967    -1073.3147509
3.665  3.142    -1073.3155294
3.665  3.316    -1073.3155395
3.665  3.491    -1073.3152933
3.665  3.665    -1073.3149277
3.665  3.840    -1073.3143277
3.665  4.014    -1073.3134784
3.665  4.189    -1073.3126919
3.665  4.363    -1073.3122460
3.665  4.538    -1073.3120838
3.665  4.712    -1073.3123787
3.665  4.887    -1073.3129558
3.665  5.061    -1073.3137260
3.665  5.236    -1073.3145002
3.665  5.411    -1073.3152043
3.665  5.585    -1073.3156855
3.665  5.760    -1073.3162057
3.665  5.934    -1073.3169892
3.665  6.109    -1073.3179212
3.840  0.000    -1073.3175792
3.840  0.175    -1073.3180786
3.840  0.349    -1073.3182509
3.840  0.524    -1073.3184426
3.840  0.698    -1073.3188516
3.840  0.873    -1073.3186802
3.840  1.047    -1073.3178670
3.840  1.222    -1073.3167072
3.840  1.396    -1073.3153702
3.840  1.571    -1073.3140579
3.840  1.745    -1073.3129720
3.840  1.920    -1073.3120981
3.840  2.094    -1073.3114634
3.840  2.269    -1073.3110904
3.840  2.443    -1073.3111437
3.840  2.618    -1073.3115522
3.840  2.793    -1073.3121711
3.840  2.967    -1073.3131315
3.840  3.142    -1073.3141495
3.840  3.316    -1073.3151105
3.840  3.491    -1073.3160289
3.840  3.665    -1073.3162461
3.840  3.840    -1073.3160029
3.840  4.014    -1073.3152573
3.840  4.189    -1073.3145026
3.840  4.363    -1073.3139053
3.840  4.538    -1073.3134535
3.840  4.712    -1073.3134220
3.840  4.887    -1073.3136969
3.840  5.061    -1073.3141709
3.840  5.236    -1073.3145254
3.840  5.411    -1073.3146361
3.840  5.585    -1073.3146062
3.840  5.760    -1073.3148720
3.840  5.934    -1073.3156232
3.840  6.109    -1073.3166477
4.014  0.000    -1073.3160085
4.014  0.175    -1073.3168127
4.014  0.349    -1073.3173712
4.014  0.524    -1073.3184248
4.014  0.698    -1073.3193328
4.014  0.873    -1073.3195053
4.014  1.047    -1073.3191080
4.014  1.222    -1073.3181986
4.014  1.396    -1073.3168386
4.014  1.571    -1073.3153100
4.014  1.745    -1073.3138009
4.014  1.920    -1073.3123517
4.014  2.094    -1073.3110689
4.014  2.269    -1073.3101028
4.014  2.443    -1073.3096642
4.014  2.618    -1073.3096855
4.014  2.793    -1073.3101301
4.014  2.967    -1073.3111818
4.014  3.142    -1073.3127719
4.014  3.316    -1073.3144977
4.014  3.491    -1073.3157922
4.014  3.665    -1073.3164211
4.014  3.840    -1073.3164601
4.014  4.014    -1073.3159328
4.014  4.189    -1073.3154212
4.014  4.363    -1073.3149510
4.014  4.538    -1073.3145853
4.014  4.712    -1073.3144782
4.014  4.887    -1073.3144231
4.014  5.061    -1073.3143766
4.014  5.236    -1073.3141741
4.014  5.411    -1073.3136491
4.014  5.585    -1073.3131437
4.014  5.760    -1073.3131843
4.014  5.934    -1073.3139178
4.014  6.109    -1073.3149740
4.189  0.000    -1073.3145581
4.189  0.175    -1073.3156922
4.189  0.349    -1073.3165952
4.189  0.524    -1073.3178925
4.189  0.698    -1073.3192181
4.189  0.873    -1073.3198200
4.189  1.047    -1073.3198089
4.189  1.222    -1073.3190976
4.189  1.396    -1073.3176997
4.189  1.571    -1073.3159429
4.189  1.745    -1073.3139827
4.189  1.920    -1073.3119744
4.189  2.094    -1073.3101596
4.189  2.269    -1073.3087473
4.189  2.443    -1073.3078978
4.189  2.618    -1073.3076264
4.189  2.793    -1073.3080470
4.189  2.967    -1073.3095237
4.189  3.142    -1073.3116185
4.189  3.316    -1073.3134932
4.189  3.491    -1073.3149552
4.189  3.665    -1073.3158391
4.189  3.840    -1073.3162392
4.189  4.014    -1073.3162812
4.189  4.189    -1073.3160422
4.189  4.363    -1073.3156727
4.189  4.538    -1073.3153022
4.189  4.712    -1073.3150417
4.189  4.887    -1073.3146987
4.189  5.061    -1073.3141908
4.189  5.236    -1073.3133574
4.189  5.411    -1073.3122048
4.189  5.585    -1073.3113279
4.189  5.760    -1073.3112143
4.189  5.934    -1073.3120478
4.189  6.109    -1073.3132328
4.363  0.000    -1073.3132163
4.363  0.175    -1073.3146038
4.363  0.349    -1073.3157921
4.363  0.524    -1073.3172773
4.363  0.698    -1073.3187804
4.363  0.873    -1073.3196040
4.363  1.047    -1073.3198295
4.363  1.222    -1073.3192085
4.363  1.396    -1073.3177733
4.363  1.571    -1073.3157362
4.363  1.745    -1073.3134086
4.363  1.920    -1073.3110373
4.363  2.094    -1073.3088728
4.363  2.269    -1073.3071243
4.363  2.443    -1073.3059248
4.363  2.618    -1073.3054387
4.363  2.793    -1073.3059649
4.363  2.967    -1073.3087600
4.363  3.142    -1073.3108528
4.363  3.316    -1073.3126609
4.363  3.491    -1073.3140776
4.363  3.665    -1073.3151013
4.363  3.840    -1073.3158248
4.363  4.014    -1073.3161175
4.363  4.189    -1073.3159689
4.363  4.363    -1073.3155764
4.363  4.538    -1073.3151061
4.363  4.712    -1073.3147008
4.363  4.887    -1073.3141153
4.363  5.061    -1073.3132976
4.363  5.236    -1073.3121307
4.363  5.411    -1073.3107071
4.363  5.585    -1073.3095042
4.363  5.760    -1073.3092679
4.363  5.934    -1073.3103527
4.363  6.109    -1073.3117973
4.538  0.000    -1073.3118541
4.538  0.175    -1073.3133678
4.538  0.349    -1073.3148121
4.538  0.524    -1073.3162926
4.538  0.698    -1073.3177951
4.538  0.873    -1073.3187701
4.538  1.047    -1073.3192074
4.538  1.222    -1073.3186504
4.538  1.396    -1073.3171551
4.538  1.571    -1073.3149168
4.538  1.745    -1073.3124087
4.538  1.920    -1073.3097601
4.538  2.094    -1073.3072546
4.538  2.269    -1073.3051584
4.538  2.443    -1073.3036944
4.538  2.618    -1073.3030827
4.538  2.793    -1073.3065740
4.538  2.967    -1073.3085991
4.538  3.142    -1073.3104891
4.538  3.316    -1073.3119719
4.538  3.491    -1073.3131925
4.538  3.665    -1073.3140420
4.538  3.840    -1073.3148256
4.538  4.014    -1073.3152129
4.538  4.189    -1073.3151604
4.538  4.363    -1073.3148358
4.538  4.538    -1073.3143833
4.538  4.712    -1073.3138364
4.538  4.887    -1073.3130800
4.538  5.061    -1073.3120266
4.538  5.236    -1073.3105344
4.538  5.411    -1073.3088080
4.538  5.585    -1073.3074248
4.538  5.760    -1073.3072933
4.538  5.934    -1073.3086700
4.538  6.109    -1073.3103150
4.712  0.000    -1073.3108903
4.712  0.175    -1073.3123486
4.712  0.349    -1073.3139074
4.712  0.524    -1073.3153312
4.712  0.698    -1073.3167696
4.712  0.873    -1073.3178180
4.712  1.047    -1073.3181980
4.712  1.222    -1073.3175852
4.712  1.396    -1073.3159775
4.712  1.571    -1073.3135825
4.712  1.745    -1073.3108390
4.712  1.920    -1073.3078998
4.712  2.094    -1073.3050426
4.712  2.269    -1073.3026645
4.712  2.443    -1073.3010565
4.712  2.618    -1073.3004104
4.712  2.793    -1073.3073172
4.712  2.967    -1073.3090011
4.712  3.142    -1073.3104830
4.712  3.316    -1073.3115040
4.712  3.491    -1073.3123327
4.712  3.665    -1073.3128449
4.712  3.840    -1073.3136104
4.712  4.014    -1073.3140336
4.712  4.189    -1073.3141110
4.712  4.363    -1073.3138165
4.712  4.538    -1073.3132174
4.712  4.712    -1073.3124605
4.712  4.887    -1073.3115422
4.712  5.061    -1073.3102539
4.712  5.236    -1073.3084704
4.712  5.411    -1073.3065091
4.712  5.585    -1073.3050249
4.712  5.760    -1073.3051913
4.712  5.934    -1073.3068310
4.712  6.109    -1073.3091124
4.887  0.000    -1073.3111335
4.887  0.175    -1073.3124285
4.887  0.349    -1073.3135092
4.887  0.524    -1073.3145895
4.887  0.698    -1073.3157919
4.887  0.873    -1073.3166601
4.887  1.047    -1073.3169001
4.887  1.222    -1073.3161348
4.887  1.396    -1073.3143189
4.887  1.571    -1073.3116872
4.887  1.745    -1073.3086294
4.887  1.920    -1073.3053683
4.887  2.094    -1073.3021945
4.887  2.269    -1073.2996494
4.887  2.443    -1073.2979802
4.887  2.618    -1073.3069859
4.887  2.793    -1073.3085963
4.887  2.967    -1073.3099002
4.887  3.142    -1073.3109280
4.887  3.316    -1073.3113821
4.887  3.491    -1073.3116914
4.887  3.665    -1073.3119605
4.887  3.840    -1073.3124853
4.887  4.014    -1073.3127844
4.887  4.189    -1073.3127902
4.887  4.363    -1073.3123491
4.887  4.538    -1073.3115719
4.887  4.712    -1073.3106082
4.887  4.887    -1073.3094388
4.887  5.061    -1073.3078841
4.887  5.236    -1073.3058198
4.887  5.411    -1073.3036773
4.887  5.585    -1073.3022320
4.887  5.760    -1073.3073672
4.887  5.934    -1073.3084517
4.887  6.109    -1073.3096819
5.061  0.000    -1073.3119806
5.061  0.175    -1073.3128363
5.061  0.349    -1073.3134819
5.061  0.524    -1073.3141381
5.061  0.698    -1073.3149128
5.061  0.873    -1073.3153696
5.061  1.047    -1073.3152284
5.061  1.222    -1073.3140784
5.061  1.396    -1073.3119375
5.061  1.571    -1073.3090354
5.061  1.745    -1073.3056428
5.061  1.920    -1073.3020989
5.061  2.094    -1073.2987294
5.061  2.269    -1073.2960865
5.061  2.443    -1073.3074139
5.061  2.618    -1073.3091474
5.061  2.793    -1073.3104327
5.061  2.967    -1073.3113363
5.061  3.142    -1073.3117972
5.061  3.316    -1073.3116280
5.061  3.491    -1073.3114294
5.061  3.665    -1073.3113222
5.061  3.840    -1073.3114469
5.061  4.014    -1073.3114232
5.061  4.189    -1073.3111544
5.061  4.363    -1073.3103966
5.061  4.538    -1073.3093112
5.061  4.712    -1073.3080698
5.061  4.887    -1073.3066301
5.061  5.061    -1073.3048462
5.061  5.236    -1073.3025503
5.061  5.411    -1073.3062147
5.061  5.585    -1073.3081846
5.061  5.760    -1073.3092868
5.061  5.934    -1073.3100427
5.061  6.109    -1073.3109271
5.236  0.000    -1073.3131399
5.236  0.175    -1073.3135053
5.236  0.349    -1073.3136197
5.236  0.524    -1073.3137454
5.236  0.698    -1073.3140296
5.236  0.873    -1073.3139382
5.236  1.047    -1073.3132034
5.236  1.222    -1073.3115049
5.236  1.396    -1073.3088764
5.236  1.571    -1073.3055927
5.236  1.745    -1073.3018589
5.236  1.920    -1073.2981076
5.236  2.094    -1073.3053623
5.236  2.269    -1073.3081287
5.236  2.443    -1073.3101892
5.236  2.618    -1073.3116002
5.236  2.793    -1073.3125760
5.236  2.967    -1073.3130264
5.236  3.142    -1073.3128607
5.236  3.316    -1073.3121562
5.236  3.491    -1073.3114399
5.236  3.665    -1073.3108214
5.236  3.840    -1073.3104517
5.236  4.014    -1073.3099063
5.236  4.189    -1073.3091156
5.236  4.363    -1073.3079343
5.236  4.538    -1073.3064810
5.236  4.712    -1073.3048959
5.236  4.887    -1073.3031541
5.236  5.061    -1073.3011631
5.236  5.236    -1073.3064672
5.236  5.411    -1073.3091532
5.236  5.585    -1073.3107792
5.236  5.760    -1073.3115711
5.236  5.934    -1073.3120200
5.236  6.109    -1073.3125285
5.411  0.000    -1073.3145901
5.411  0.175    -1073.3144756
5.411  0.349    -1073.3140526
5.411  0.524    -1073.3135352
5.411  0.698    -1073.3131262
5.411  0.873    -1073.3123710
5.411  1.047    -1073.3108830
5.411  1.222    -1073.3085715
5.411  1.396    -1073.3053762
5.411  1.571    -1073.3016249
5.411  1.745    -1073.2975855
5.411  1.920    -1073.2937464
5.411  2.094    -1073.3087295
5.411  2.269    -1073.3111732
5.411  2.443    -1073.3129347
5.411  2.618    -1073.3141217
5.411  2.793    -1073.3148351
5.411  2.967    -1073.3148068
5.411  3.142    -1073.3140985
5.411  3.316    -1073.3129460
5.411  3.491    -1073.3117623
5.411  3.665    -1073.3104646
5.411  3.840    -1073.3094924
5.411  4.014    -1073.3083328
5.411  4.189    -1073.3068911
5.411  4.363    -1073.3052024
5.411  4.538    -1073.3033383
5.411  4.712    -1073.3013563
5.411  4.887    -1073.2993049
5.411  5.061    -1073.3063376
5.411  5.236    -1073.3098821
5.411  5.411    -1073.3122603
5.411  5.585    -1073.3135462
5.411  5.760    -1073.3140247
5.411  5.934    -1073.3141817
5.411  6.109    -1073.3143878
5.585  0.000    -1073.3161714
5.585  0.175    -1073.3157178
5.585  0.349    -1073.3148189
5.585  0.524    -1073.3136319
5.585  0.698    -1073.3124134
5.585  0.873    -1073.3108257
5.585  1.047    -1073.3085756
5.585  1.222    -1073.3056267
5.585  1.396    -1073.3018906
5.585  1.571    -1073.2976939
5.585  1.745    -1073.3052607
5.585  1.920    -1073.3088537
5.585  2.094    -1073.3117768
5.585  2.269    -1073.3139244
5.585  2.443    -1073.3154220
5.585  2.618    -1073.3164535
5.585  2.793    -1073.3168822
5.585  2.967    -1073.3165181
5.585  3.142    -1073.3154579
5.585  3.316    -1073.3139891
5.585  3.491    -1073.3122319
5.585  3.665    -1073.3103241
5.585  3.840    -1073.3086154
5.585  4.014    -1073.3067451
5.585  4.189    -1073.3046763
5.585  4.363    -1073.3025097
5.585  4.538    -1073.3002850
5.585  4.712    -1073.2980209
5.585  4.887    -1073.3057829
5.585  5.061    -1073.3097903
5.585  5.236    -1073.3129877
5.585  5.411    -1073.3150965
5.585  5.585    -1073.3161184
5.585  5.760    -1073.3163905
5.585  5.934    -1073.3163564
5.585  6.109    -1073.3163303
5.760  0.000    -1073.3179403
5.760  0.175    -1073.3171967
5.760  0.349    -1073.3158337
5.760  0.524    -1073.3140430
5.760  0.698    -1073.3120424
5.760  0.873    -1073.3095924
5.760  1.047    -1073.3066051
5.760  1.222    -1073.3030133
5.760  1.396    -1073.2988466
5.760  1.571    -1073.2943875
5.760  1.745    -1073.3085105
5.760  1.920    -1073.3116248
5.760  2.094    -1073.3141914
5.760  2.269    -1073.3161184
5.760  2.443    -1073.3174486
5.760  2.618    -1073.3183359
5.760  2.793    -1073.3185818
5.760  2.967    -1073.3180892
5.760  3.142    -1073.3168996
5.760  3.316    -1073.3151796
5.760  3.491    -1073.3130033
5.760  3.665    -1073.3106110
5.760  3.840    -1073.3081463
5.760  4.014    -1073.3054668
5.760  4.363    -1073.3001961
5.760  4.538    -1073.2977441
5.760  4.712    -1073.2953279
5.760  4.887    -1073.3091128
5.760  5.061    -1073.3127085
5.760  5.236    -1073.3155267
5.760  5.411    -1073.3173452
5.760  5.585    -1073.3182312
5.760  5.760    -1073.3184256
5.760  5.934    -1073.3183195
5.760  6.109    -1073.3182383
5.934  0.000    -1073.3195709
5.934  0.175    -1073.3187484
5.934  0.349    -1073.3170814
5.934  0.524    -1073.3148724
5.934  0.698    -1073.3122955
5.934  0.873    -1073.3091233
5.934  1.047    -1073.3055122
5.934  1.222    -1073.3012927
5.934  1.396    -1073.3058380
5.934  1.571    -1073.3083668
5.934  1.745    -1073.3110694
5.934  1.920    -1073.3135937
5.934  2.094    -1073.3157112
5.934  2.269    -1073.3173378
5.934  2.443    -1073.3185275
5.934  2.618    -1073.3193850
5.934  2.793    -1073.3196620
5.934  2.967    -1073.3191982
5.934  3.142    -1073.3180911
5.934  3.316    -1073.3164501
5.934  3.491    -1073.3140473
5.934  3.665    -1073.3111842
5.934  3.840    -1073.3081409
5.934  4.014    -1073.3012926
5.934  4.189    -1073.3018841
5.934  4.363    -1073.3028842
5.934  4.538    -1073.3052278
5.934  4.712    -1073.3082613
5.934  4.887    -1073.3115972
5.934  5.061    -1073.3146333
5.934  5.236    -1073.3170657
5.934  5.411    -1073.3187797
5.934  5.585    -1073.3196304
5.934  5.760    -1073.3198193
5.934  5.934    -1073.3197456
5.934  6.109    -1073.3197529
6.109  0.000    -1073.3206780
6.109  0.175    -1073.3200404
6.109  0.349    -1073.3184636
6.109  0.524    -1073.3161107
6.109  0.698    -1073.3131587
6.109  0.873    -1073.3095729
6.109  1.047    -1073.3056073
6.109  1.222    -1073.3075365
6.109  1.396    -1073.3087958
6.109  1.571    -1073.3106125
6.109  1.745    -1073.3126080
6.109  1.920    -1073.3144933
6.109  2.094    -1073.3161227
6.109  2.269    -1073.3174969
6.109  2.443    -1073.3186087
6.109  2.618    -1073.3195100
6.109  2.793    -1073.3199767
6.109  2.967    -1073.3197464
6.109  3.142    -1073.3189885
6.109  3.316    -1073.3175790
6.109  3.491    -1073.3151880
6.109  3.665    -1073.3120870
6.109  3.840    -1073.3083956
6.109  4.014    -1073.3067291
6.109  4.189    -1073.3060168
6.109  4.363    -1073.3065485
6.109  4.538    -1073.3081486
6.109  4.712    -1073.3104319
6.109  4.887    -1073.3130689
6.109  5.061    -1073.3155573
6.109  5.236    -1073.3176177
6.109  5.411    -1073.3192325
6.109  5.585    -1073.3200971
6.109  5.760    -1073.3203714
6.109  5.934    -1073.3204392
6.109  6.109    -1073.3206825
