3.000       2996.7577715
3.500       1089.7538857
3.700        663.9751365
3.900        375.1248425
4.000        271.6008192
4.100        189.9493804
4.200        126.4383533
4.300         77.7644665
4.400         41.1408843
4.500         14.1797154
4.600         -5.2095673
4.700        -18.7670920
4.800        -27.8375079
4.900        -33.4828292
5.000        -36.6063590
5.100        -37.8855545
5.200        -37.8344098
5.300        -36.8410523
5.400        -35.2093048
5.500        -33.1858591
5.600        -30.9172180
5.700        -28.5793951
5.800        -26.3242229
5.900        -24.1806606
6.000        -22.1091945
6.500        -14.0400914
7.000         -9.1698435
8.000         -4.4231779
10.000         -1.3055030
