3.000        563.5388836
3.500         94.3073934
3.700         33.6490758
3.900          2.5912623
4.000         -5.8868935
4.100        -11.0752205
4.200        -13.9604862
4.300        -15.4650284
4.400        -16.3027988
4.500        -16.7252941
4.600        -16.6326139
4.700        -16.0418767
4.800        -15.0624869
4.900        -13.8382955
5.000        -12.5841997
5.100        -11.4801512
5.200        -10.4812539
5.300         -9.7101712
5.400         -8.9700693
5.500         -8.1904012
5.600         -7.4040118
5.700         -6.6789015
5.800         -6.0351029
5.900         -5.4662886
6.000         -4.9675751
6.500         -3.1374711
7.000         -2.0125499
8.000         -0.9036967
10.000         -0.2329605
