3.000        -84.0793423
3.500        -69.8287140
3.700        -63.0950806
3.900        -56.0860368
4.000        -52.5839456
4.100        -49.1416798
4.200        -45.7893670
4.300        -42.5443733
4.400        -39.4152421
4.500        -36.4065448
4.600        -33.5249706
4.700        -30.7785221
4.800        -28.1751368
4.900        -25.7211400
5.000        -23.4196920
5.100        -21.2714855
5.200        -19.2762392
5.300        -17.4308291
5.400        -15.7301796
5.500        -14.1678978
5.600        -12.7363059
5.700        -11.4285111
5.800        -10.2388907
5.900         -9.1622577
6.000         -8.1931595
6.500         -4.7183963
7.000         -2.8183115
8.000         -1.1387172
10.000         -0.2657861
