0.000  0.000     -802.8440000
0.000  0.175     -802.8437629
0.000  0.349     -802.8433108
0.000  0.524     -802.8428182
0.000  0.698     -802.8421701
0.000  0.873     -802.8407901
0.000  1.047     -802.8386997
0.000  1.222     -802.8362254
0.000  1.396     -802.8334369
0.000  1.571     -802.8304999
0.000  1.745     -802.8275940
0.000  1.920     -802.8289730
0.000  2.094     -802.8312266
0.000  2.269     -802.8337844
0.000  2.443     -802.8363051
0.000  2.618     -802.8386847
0.000  2.793     -802.8406626
0.000  2.967     -802.8424004
0.000  3.142     -802.8436628
0.000  3.316     -802.8442842
0.000  3.491     -802.8441923
0.000  3.665     -802.8432755
0.000  3.840     -802.8416658
0.000  4.014     -802.8391322
0.000  4.189     -802.8361462
0.000  4.363     -802.8330786
0.000  4.538     -802.8273727
0.000  4.712     -802.8264867
0.000  4.887     -802.8266281
0.000  5.061     -802.8283494
0.000  5.236     -802.8308450
0.000  5.411     -802.8337874
0.000  5.585     -802.8369096
0.000  5.760     -802.8397138
0.000  5.934     -802.8420811
0.000  6.109     -802.8434730
0.175  0.000     -802.8435739
0.175  0.175     -802.8433083
0.175  0.349     -802.8428955
0.175  0.524     -802.8424953
0.175  0.698     -802.8419848
0.175  0.873     -802.8408614
0.175  1.047     -802.8389059
0.175  1.222     -802.8362720
0.175  1.396     -802.8330976
0.175  1.571     -802.8306314
0.175  1.745     -802.8304203
0.175  1.920     -802.8310847
0.175  2.094     -802.8325207
0.175  2.269     -802.8343942
0.175  2.443     -802.8363443
0.175  2.618     -802.8383580
0.175  2.793     -802.8401549
0.175  2.967     -802.8417949
0.175  3.142     -802.8428856
0.175  3.316     -802.8435499
0.175  3.491     -802.8434703
0.175  3.665     -802.8427226
0.175  3.840     -802.8412823
0.175  4.014     -802.8389180
0.175  4.189     -802.8360702
0.175  4.363     -802.8327553
0.175  4.538     -802.8309368
0.175  4.712     -802.8296991
0.175  4.887     -802.8294613
0.175  5.061     -802.8306427
0.175  5.236     -802.8324620
0.175  5.411     -802.8346689
0.175  5.585     -802.8372717
0.175  5.760     -802.8396482
0.175  5.934     -802.8418206
0.175  6.109     -802.8431936
0.349  0.000     -802.8423883
0.349  0.175     -802.8420051
0.349  0.349     -802.8414514
0.349  0.524     -802.8410496
0.349  0.698     -802.8406683
0.349  0.873     -802.8399377
0.349  1.047     -802.8384782
0.349  1.222     -802.8360848
0.349  1.396     -802.8343265
0.349  1.571     -802.8333389
0.349  1.745     -802.8326765
0.349  1.920     -802.8326381
0.349  2.094     -802.8333170
0.349  2.269     -802.8345106
0.349  2.443     -802.8359087
0.349  2.618     -802.8374359
0.349  2.793     -802.8389297
0.349  2.967     -802.8403656
0.349  3.142     -802.8414196
0.349  3.316     -802.8418960
0.349  3.491     -802.8418247
0.349  3.665     -802.8412734
0.349  3.840     -802.8400418
0.349  4.014     -802.8382216
0.349  4.189     -802.8366550
0.349  4.363     -802.8351068
0.349  4.538     -802.8334754
0.349  4.712     -802.8322810
0.349  4.887     -802.8318471
0.349  5.061     -802.8323811
0.349  5.236     -802.8334681
0.349  5.411     -802.8350396
0.349  5.585     -802.8369772
0.349  5.760     -802.8391199
0.349  5.934     -802.8409508
0.349  6.109     -802.8420825
0.524  0.000     -802.8404510
0.524  0.175     -802.8399750
0.524  0.349     -802.8392959
0.524  0.524     -802.8388762
0.524  0.698     -802.8385588
0.524  0.873     -802.8381774
0.524  1.047     -802.8374498
0.524  1.222     -802.8370489
0.524  1.396     -802.8366117
0.524  1.571     -802.8355681
0.524  1.745     -802.8344953
0.524  1.920     -802.8338419
0.524  2.094     -802.8338225
0.524  2.269     -802.8343464
0.524  2.443     -802.8352724
0.524  2.618     -802.8363338
0.524  2.793     -802.8374658
0.524  2.967     -802.8385663
0.524  3.142     -802.8393538
0.524  3.316     -802.8396733
0.524  3.491     -802.8395174
0.524  3.665     -802.8390425
0.524  3.840     -802.8382796
0.524  4.014     -802.8379336
0.524  4.189     -802.8376121
0.524  4.363     -802.8366882
0.524  4.538     -802.8353113
0.524  4.712     -802.8341133
0.524  4.887     -802.8334633
0.524  5.061     -802.8334748
0.524  5.236     -802.8340335
0.524  5.411     -802.8350676
0.524  5.585     -802.8365030
0.524  5.760     -802.8382176
0.524  5.934     -802.8397335
0.524  6.109     -802.8404095
0.698  0.000     -802.8378960
0.698  0.175     -802.8373615
0.698  0.349     -802.8367672
0.698  0.524     -802.8364357
0.698  0.698     -802.8363108
0.698  0.873     -802.8364953
0.698  1.047     -802.8371507
0.698  1.222     -802.8380870
0.698  1.396     -802.8380713
0.698  1.571     -802.8371442
0.698  1.745     -802.8357740
0.698  1.920     -802.8347501
0.698  2.094     -802.8342775
0.698  2.269     -802.8342365
0.698  2.443     -802.8347078
0.698  2.618     -802.8353038
0.698  2.793     -802.8360051
0.698  2.967     -802.8365955
0.698  3.142     -802.8369971
0.698  3.316     -802.8370789
0.698  3.491     -802.8368248
0.698  3.665     -802.8365417
0.698  3.840     -802.8367230
0.698  4.014     -802.8374427
0.698  4.189     -802.8377767
0.698  4.363     -802.8374051
0.698  4.538     -802.8364395
0.698  4.712     -802.8352873
0.698  4.887     -802.8344710
0.698  5.061     -802.8340663
0.698  5.236     -802.8342794
0.698  5.411     -802.8349696
0.698  5.585     -802.8360398
0.698  5.760     -802.8372035
0.698  5.934     -802.8381897
0.698  6.109     -802.8383407
0.873  0.000     -802.8353471
0.873  0.175     -802.8346642
0.873  0.349     -802.8342738
0.873  0.524     -802.8342075
0.873  0.698     -802.8344647
0.873  0.873     -802.8353570
0.873  1.047     -802.8369626
0.873  1.222     -802.8382852
0.873  1.396     -802.8387394
0.873  1.571     -802.8381073
0.873  1.745     -802.8368264
0.873  1.920     -802.8356671
0.873  2.094     -802.8348894
0.873  2.269     -802.8345101
0.873  2.443     -802.8343343
0.873  2.618     -802.8343285
0.873  2.793     -802.8343546
0.873  2.967     -802.8344608
0.873  3.142     -802.8345139
0.873  3.316     -802.8345199
0.873  3.491     -802.8344473
0.873  3.665     -802.8345885
0.873  3.840     -802.8355143
0.873  4.014     -802.8367048
0.873  4.189     -802.8376160
0.873  4.363     -802.8375458
0.873  4.538     -802.8368367
0.873  4.712     -802.8358428
0.873  4.887     -802.8350204
0.873  5.061     -802.8346099
0.873  5.236     -802.8346500
0.873  5.411     -802.8350220
0.873  5.585     -802.8356464
0.873  5.760     -802.8362636
0.873  5.934     -802.8363812
0.873  6.109     -802.8361061
1.047  0.000     -802.8331114
1.047  0.175     -802.8324400
1.047  0.349     -802.8321434
1.047  0.524     -802.8324361
1.047  0.698     -802.8331938
1.047  0.873     -802.8347158
1.047  1.047     -802.8367399
1.047  1.222     -802.8381492
1.047  1.396     -802.8388043
1.047  1.571     -802.8385322
1.047  1.745     -802.8375946
1.047  1.920     -802.8365231
1.047  2.094     -802.8355336
1.047  2.269     -802.8347167
1.047  2.443     -802.8339889
1.047  2.618     -802.8334213
1.047  2.793     -802.8328943
1.047  2.967     -802.8325064
1.047  3.142     -802.8323483
1.047  3.316     -802.8322901
1.047  3.491     -802.8323865
1.047  3.665     -802.8330972
1.047  3.840     -802.8346396
1.047  4.014     -802.8360965
1.047  4.189     -802.8371828
1.047  4.363     -802.8373688
1.047  4.538     -802.8368502
1.047  4.712     -802.8360022
1.047  4.887     -802.8353425
1.047  5.061     -802.8349776
1.047  5.236     -802.8348405
1.047  5.411     -802.8349613
1.047  5.585     -802.8352025
1.047  5.760     -802.8351691
1.047  5.934     -802.8347278
1.047  6.109     -802.8339003
1.222  0.000     -802.8312975
1.222  0.175     -802.8306638
1.222  0.349     -802.8305503
1.222  0.524     -802.8313090
1.222  0.698     -802.8328491
1.222  0.873     -802.8346803
1.222  1.047     -802.8365906
1.222  1.222     -802.8380219
1.222  1.396     -802.8387779
1.222  1.571     -802.8386549
1.222  1.745     -802.8380682
1.222  1.920     -802.8370612
1.222  2.094     -802.8359987
1.222  2.269     -802.8347608
1.222  2.443     -802.8336640
1.222  2.618     -802.8326078
1.222  2.793     -802.8316791
1.222  2.967     -802.8310210
1.222  3.142     -802.8306335
1.222  3.316     -802.8305408
1.222  3.491     -802.8308828
1.222  3.665     -802.8323779
1.222  3.840     -802.8341661
1.222  4.014     -802.8357582
1.222  4.189     -802.8368143
1.222  4.363     -802.8370685
1.222  4.538     -802.8366808
1.222  4.712     -802.8361035
1.222  4.887     -802.8355674
1.222  5.061     -802.8351872
1.222  5.236     -802.8350426
1.222  5.411     -802.8350304
1.222  5.585     -802.8348338
1.222  5.760     -802.8343574
1.222  5.934     -802.8334059
1.222  6.109     -802.8322798
1.396  0.000     -802.8298667
1.396  0.175     -802.8292479
1.396  0.349     -802.8298079
1.396  0.524     -802.8312121
1.396  0.698     -802.8329045
1.396  0.873     -802.8348774
1.396  1.047     -802.8367291
1.396  1.222     -802.8380421
1.396  1.396     -802.8387636
1.396  1.571     -802.8388728
1.396  1.745     -802.8384412
1.396  1.920     -802.8375987
1.396  2.094     -802.8363679
1.396  2.269     -802.8349551
1.396  2.443     -802.8335007
1.396  2.618     -802.8320527
1.396  2.793     -802.8307781
1.396  2.967     -802.8298121
1.396  3.142     -802.8292157
1.396  3.316     -802.8289869
1.396  3.491     -802.8307214
1.396  3.665     -802.8323826
1.396  3.840     -802.8342056
1.396  4.014     -802.8357101
1.396  4.189     -802.8367541
1.396  4.363     -802.8369861
1.396  4.538     -802.8367753
1.396  4.712     -802.8363556
1.396  4.887     -802.8359113
1.396  5.061     -802.8356339
1.396  5.236     -802.8354767
1.396  5.411     -802.8351755
1.396  5.585     -802.8346369
1.396  5.760     -802.8337591
1.396  5.934     -802.8324234
1.396  6.109     -802.8311201
1.571  0.000     -802.8280521
1.571  0.175     -802.8293347
1.571  0.349     -802.8305160
1.571  0.524     -802.8318623
1.571  0.698     -802.8336942
1.571  0.873     -802.8354627
1.571  1.047     -802.8371105
1.571  1.222     -802.8382020
1.571  1.396     -802.8387630
1.571  1.571     -802.8390120
1.571  1.745     -802.8388594
1.571  1.920     -802.8380522
1.571  2.094     -802.8367191
1.571  2.269     -802.8351052
1.571  2.443     -802.8332736
1.571  2.618     -802.8315591
1.571  2.793     -802.8300230
1.571  2.967     -802.8287803
1.571  3.142     -802.8278982
1.571  3.316     -802.8299776
1.571  3.491     -802.8316975
1.571  3.665     -802.8333038
1.571  3.840     -802.8347624
1.571  4.014     -802.8359742
1.571  4.189     -802.8368180
1.571  4.363     -802.8370287
1.571  4.538     -802.8368910
1.571  4.712     -802.8367054
1.571  4.887     -802.8364278
1.571  5.061     -802.8360864
1.571  5.236     -802.8357358
1.571  5.411     -802.8352768
1.571  5.585     -802.8344730
1.571  5.760     -802.8332253
1.571  5.934     -802.8317055
1.571  6.109     -802.8300473
1.745  0.000     -802.8299811
1.745  0.175     -802.8311058
1.745  0.349     -802.8321382
1.745  0.524     -802.8333922
1.745  0.698     -802.8348643
1.745  0.873     -802.8363800
1.745  1.047     -802.8374761
1.745  1.222     -802.8382957
1.745  1.396     -802.8388300
1.745  1.571     -802.8391893
1.745  1.745     -802.8390047
1.745  1.920     -802.8381545
1.745  2.094     -802.8367920
1.745  2.269     -802.8349593
1.745  2.443     -802.8329534
1.745  2.618     -802.8308933
1.745  2.793     -802.8248974
1.745  2.967     -802.8275945
1.745  3.142     -802.8299372
1.745  3.316     -802.8318696
1.745  3.491     -802.8333666
1.745  3.665     -802.8345576
1.745  3.840     -802.8356518
1.745  4.014     -802.8364618
1.745  4.189     -802.8369609
1.745  4.363     -802.8369417
1.745  4.538     -802.8370170
1.745  4.712     -802.8370035
1.745  4.887     -802.8366839
1.745  5.061     -802.8363459
1.745  5.236     -802.8358508
1.745  5.411     -802.8351509
1.745  5.585     -802.8340826
1.745  5.760     -802.8326415
1.745  5.934     -802.8254055
1.745  6.109     -802.8282724
1.920  0.000     -802.8324083
1.920  0.175     -802.8332959
1.920  0.349     -802.8341229
1.920  0.524     -802.8351486
1.920  0.698     -802.8361951
1.920  0.873     -802.8372255
1.920  1.047     -802.8378410
1.920  1.222     -802.8382735
1.920  1.396     -802.8387583
1.920  1.571     -802.8390595
1.920  1.745     -802.8389056
1.920  1.920     -802.8380205
1.920  2.094     -802.8365208
1.920  2.269     -802.8344394
1.920  2.443     -802.8321843
1.920  2.618     -802.8245389
1.920  2.793     -802.8276051
1.920  2.967     -802.8301863
1.920  3.142     -802.8324106
1.920  3.316     -802.8339955
1.920  3.491     -802.8352926
1.920  3.665     -802.8360500
1.920  3.840     -802.8366704
1.920  4.014     -802.8369029
1.920  4.189     -802.8369894
1.920  4.363     -802.8368101
1.920  4.538     -802.8368146
1.920  4.712     -802.8368186
1.920  4.887     -802.8366642
1.920  5.061     -802.8362121
1.920  5.236     -802.8355032
1.920  5.411     -802.8346174
1.920  5.585     -802.8333152
1.920  5.760     -802.8245678
1.920  5.934     -802.8283110
1.920  6.109     -802.8308749
2.094  0.000     -802.8348690
2.094  0.175     -802.8356133
2.094  0.349     -802.8361874
2.094  0.524     -802.8368735
2.094  0.698     -802.8374888
2.094  0.873     -802.8379793
2.094  1.047     -802.8380003
2.094  1.222     -802.8382275
2.094  1.396     -802.8384954
2.094  1.571     -802.8386064
2.094  1.745     -802.8384293
2.094  1.920     -802.8373986
2.094  2.094     -802.8356665
2.094  2.269     -802.8334586
2.094  2.443     -802.8238483
2.094  2.618     -802.8274415
2.094  2.793     -802.8304027
2.094  2.967     -802.8328310
2.094  3.142     -802.8347508
2.094  3.316     -802.8360955
2.094  3.491     -802.8370341
2.094  3.665     -802.8375680
2.094  3.840     -802.8375698
2.094  4.014     -802.8372827
2.094  4.189     -802.8367641
2.094  4.363     -802.8363788
2.094  4.538     -802.8363881
2.094  4.712     -802.8364784
2.094  4.887     -802.8362382
2.094  5.061     -802.8355455
2.094  5.236     -802.8346274
2.094  5.411     -802.8335666
2.094  5.585     -802.8233659
2.094  5.760     -802.8276738
2.094  5.934     -802.8311912
2.094  6.109     -802.8335935
2.269  0.000     -802.8371409
2.269  0.175     -802.8376540
2.269  0.349     -802.8379646
2.269  0.524     -802.8382814
2.269  0.698     -802.8385160
2.269  0.873     -802.8384657
2.269  1.047     -802.8382143
2.269  1.222     -802.8380219
2.269  1.396     -802.8380355
2.269  1.571     -802.8380174
2.269  1.745     -802.8374924
2.269  1.920     -802.8363212
2.269  2.094     -802.8343098
2.269  2.269     -802.8318827
2.269  2.443     -802.8267490
2.269  2.618     -802.8300478
2.269  2.793     -802.8328393
2.269  2.967     -802.8350855
2.269  3.142     -802.8368082
2.269  3.316     -802.8379902
2.269  3.491     -802.8386007
2.269  3.665     -802.8386770
2.269  3.840     -802.8382425
2.269  4.014     -802.8374870
2.269  4.189     -802.8365975
2.269  4.363     -802.8360251
2.269  4.538     -802.8357846
2.269  4.712     -802.8356736
2.269  4.887     -802.8351588
2.269  5.061     -802.8342509
2.269  5.236     -802.8332215
2.269  5.411     -802.8217281
2.269  5.585     -802.8264269
2.269  5.760     -802.8305579
2.269  5.934     -802.8338466
2.269  6.109     -802.8360455
2.443  0.000     -802.8390293
2.443  0.175     -802.8392959
2.443  0.349     -802.8393433
2.443  0.524     -802.8394570
2.443  0.698     -802.8393061
2.443  0.873     -802.8389804
2.443  1.047     -802.8382703
2.443  1.222     -802.8377450
2.443  1.396     -802.8375067
2.443  1.571     -802.8370705
2.443  1.745     -802.8360034
2.443  1.920     -802.8343642
2.443  2.094     -802.8321410
2.443  2.269     -802.8253422
2.443  2.443     -802.8290019
2.443  2.618     -802.8321071
2.443  2.793     -802.8347393
2.443  2.967     -802.8369186
2.443  3.142     -802.8384385
2.443  3.316     -802.8394427
2.443  3.491     -802.8398516
2.443  3.665     -802.8395372
2.443  3.840     -802.8387414
2.443  4.014     -802.8374868
2.443  4.189     -802.8363280
2.443  4.363     -802.8354992
2.443  4.538     -802.8349536
2.443  4.712     -802.8344101
2.443  4.887     -802.8336101
2.443  5.061     -802.8324789
2.443  5.236     -802.8200349
2.443  5.411     -802.8246531
2.443  5.585     -802.8291150
2.443  5.760     -802.8329742
2.443  5.934     -802.8360979
2.443  6.109     -802.8380380
2.618  0.000     -802.8404180
2.618  0.175     -802.8404736
2.618  0.349     -802.8403553
2.618  0.524     -802.8401690
2.618  0.698     -802.8399353
2.618  0.873     -802.8392191
2.618  1.047     -802.8383486
2.618  1.222     -802.8374775
2.618  1.396     -802.8366549
2.618  1.571     -802.8355605
2.618  1.745     -802.8340810
2.618  1.920     -802.8319643
2.618  2.094     -802.8236700
2.618  2.269     -802.8271578
2.618  2.443     -802.8306704
2.618  2.618     -802.8337734
2.618  2.793     -802.8362672
2.618  2.967     -802.8382679
2.618  3.142     -802.8396487
2.618  3.316     -802.8404876
2.618  3.491     -802.8407051
2.618  3.665     -802.8401579
2.618  3.840     -802.8391041
2.618  4.014     -802.8374749
2.618  4.189     -802.8360557
2.618  4.363     -802.8348444
2.618  4.538     -802.8338509
2.618  4.712     -802.8327574
2.618  4.887     -802.8314312
2.618  5.061     -802.8298354
2.618  5.236     -802.8225546
2.618  5.411     -802.8270024
2.618  5.585     -802.8313144
2.618  5.760     -802.8349747
2.618  5.934     -802.8378495
2.618  6.109     -802.8396116
2.793  0.000     -802.8414190
2.793  0.175     -802.8413690
2.793  0.349     -802.8411170
2.793  0.524     -802.8407912
2.793  0.698     -802.8403494
2.793  0.873     -802.8395926
2.793  1.047     -802.8384009
2.793  1.222     -802.8369909
2.793  1.396     -802.8355838
2.793  1.571     -802.8338554
2.793  1.745     -802.8317631
2.793  1.920     -802.8290337
2.793  2.094     -802.8257631
2.793  2.269     -802.8290755
2.793  2.443     -802.8323373
2.793  2.618     -802.8352092
2.793  2.793     -802.8374705
2.793  2.967     -802.8392193
2.793  3.142     -802.8406587
2.793  3.316     -802.8414075
2.793  3.491     -802.8414608
2.793  3.665     -802.8407320
2.793  3.840     -802.8394258
2.793  4.014     -802.8375629
2.793  4.189     -802.8357110
2.793  4.363     -802.8340270
2.793  4.538     -802.8323681
2.793  4.712     -802.8305575
2.793  4.887     -802.8287406
2.793  5.061     -802.8212278
2.793  5.236     -802.8248639
2.793  5.411     -802.8290869
2.793  5.585     -802.8331745
2.793  5.760     -802.8365949
2.793  5.934     -802.8391992
2.793  6.109     -802.8408559
2.967  0.000     -802.8422723
2.967  0.175     -802.8420552
2.967  0.349     -802.8416111
2.967  0.524     -802.8412405
2.967  0.698     -802.8407929
2.967  0.873     -802.8398932
2.967  1.047     -802.8384609
2.967  1.222     -802.8364452
2.967  1.396     -802.8344582
2.967  1.571     -802.8320931
2.967  1.745     -802.8292360
2.967  1.920     -802.8251042
2.967  2.094     -802.8276153
2.967  2.269     -802.8306527
2.967  2.443     -802.8335114
2.967  2.618     -802.8361243
2.967  2.793     -802.8381831
2.967  2.967     -802.8399393
2.967  3.142     -802.8413092
2.967  3.316     -802.8419465
2.967  3.491     -802.8419189
2.967  3.665     -802.8411818
2.967  3.840     -802.8396847
2.967  4.014     -802.8376660
2.967  4.189     -802.8354335
2.967  4.363     -802.8331320
2.967  4.538     -802.8307320
2.967  4.712     -802.8283271
2.967  4.887     -802.8259794
2.967  5.061     -802.8236552
2.967  5.236     -802.8270897
2.967  5.411     -802.8308259
2.967  5.585     -802.8345153
2.967  5.760     -802.8376879
2.967  5.934     -802.8401776
2.967  6.109     -802.8417302
3.142  0.000     -802.8427350
3.142  0.175     -802.8425576
3.142  0.349     -802.8420498
3.142  0.524     -802.8416167
3.142  0.698     -802.8411549
3.142  0.873     -802.8401723
3.142  1.047     -802.8386077
3.142  1.222     -802.8363178
3.142  1.396     -802.8337097
3.142  1.571     -802.8307198
3.142  1.745     -802.8275204
3.142  1.920     -802.8273467
3.142  2.094     -802.8292981
3.142  2.269     -802.8317780
3.142  2.443     -802.8341702
3.142  2.618     -802.8364441
3.142  2.793     -802.8384890
3.142  2.967     -802.8401611
3.142  3.142     -802.8414950
3.142  3.316     -802.8422353
3.142  3.491     -802.8422262
3.142  3.665     -802.8414860
3.142  3.840     -802.8400004
3.142  4.014     -802.8377598
3.142  4.189     -802.8350609
3.142  4.363     -802.8322173
3.142  4.538     -802.8293188
3.142  4.712     -802.8265968
3.142  4.887     -802.8242602
3.142  5.061     -802.8261489
3.142  5.236     -802.8288478
3.142  5.411     -802.8321009
3.142  5.585     -802.8353400
3.142  5.760     -802.8383246
3.142  5.934     -802.8407593
3.142  6.109     -802.8422837
3.316  0.000     -802.8427928
3.316  0.175     -802.8426006
3.316  0.349     -802.8421907
3.316  0.524     -802.8417381
3.316  0.698     -802.8413230
3.316  0.873     -802.8405271
3.316  1.047     -802.8389348
3.316  1.222     -802.8364770
3.316  1.396     -802.8335073
3.316  1.571     -802.8302275
3.316  1.745     -802.8270496
3.316  1.920     -802.8294809
3.316  2.094     -802.8308281
3.316  2.269     -802.8325227
3.316  2.443     -802.8343726
3.316  2.618     -802.8362473
3.316  2.793     -802.8380740
3.316  2.967     -802.8397038
3.316  3.142     -802.8410495
3.316  3.316     -802.8417746
3.316  3.491     -802.8419850
3.316  3.665     -802.8414656
3.316  3.840     -802.8400317
3.316  4.014     -802.8377417
3.316  4.189     -802.8348549
3.316  4.363     -802.8317591
3.316  4.538     -802.8287380
3.316  4.712     -802.8267923
3.316  4.887     -802.8269462
3.316  5.061     -802.8283181
3.316  5.236     -802.8303161
3.316  5.411     -802.8328839
3.316  5.585     -802.8356940
3.316  5.760     -802.8384337
3.316  5.934     -802.8407471
3.316  6.109     -802.8422249
3.491  0.000     -802.8421091
3.491  0.175     -802.8418927
3.491  0.349     -802.8415515
3.491  0.524     -802.8412332
3.491  0.698     -802.8410567
3.491  0.873     -802.8404693
3.491  1.047     -802.8391482
3.491  1.222     -802.8369748
3.491  1.396     -802.8340207
3.491  1.571     -802.8308915
3.491  1.745     -802.8313029
3.491  1.920     -802.8313877
3.491  2.094     -802.8319723
3.491  2.269     -802.8330272
3.491  2.443     -802.8343282
3.491  2.618     -802.8358033
3.491  2.793     -802.8373686
3.491  2.967     -802.8387779
3.491  3.142     -802.8399281
3.491  3.316     -802.8407177
3.491  3.491     -802.8408856
3.491  3.665     -802.8405069
3.491  3.840     -802.8393936
3.491  4.014     -802.8374312
3.491  4.189     -802.8348439
3.491  4.363     -802.8318578
3.491  4.538     -802.8304040
3.491  4.712     -802.8295194
3.491  4.887     -802.8293748
3.491  5.061     -802.8301512
3.491  5.236     -802.8315613
3.491  5.411     -802.8334320
3.491  5.585     -802.8357178
3.491  5.760     -802.8380371
3.491  5.934     -802.8402737
3.491  6.109     -802.8416880
3.665  0.000     -802.8407392
3.665  0.175     -802.8405059
3.665  0.349     -802.8401788
3.665  0.524     -802.8399844
3.665  0.698     -802.8398973
3.665  0.873     -802.8396265
3.665  1.047     -802.8388331
3.665  1.222     -802.8371639
3.665  1.396     -802.8350781
3.665  1.571     -802.8344400
3.665  1.745     -802.8337091
3.665  1.920     -802.8332033
3.665  2.094     -802.8331634
3.665  2.269     -802.8336247
3.665  2.443     -802.8344230
3.665  2.618     -802.8354320
3.665  2.793     -802.8365406
3.665  2.967     -802.8376033
3.665  3.142     -802.8384287
3.665  3.316     -802.8388766
3.665  3.491     -802.8389657
3.665  3.665     -802.8386678
3.665  3.840     -802.8379974
3.665  4.014     -802.8366462
3.665  4.189     -802.8348894
3.665  4.363     -802.8338835
3.665  4.538     -802.8327822
3.665  4.712     -802.8319006
3.665  4.887     -802.8315501
3.665  5.061     -802.8317677
3.665  5.236     -802.8325892
3.665  5.411     -802.8338935
3.665  5.585     -802.8356432
3.665  5.760     -802.8376392
3.665  5.934     -802.8394051
3.665  6.109     -802.8404526
3.840  0.000     -802.8386834
3.840  0.175     -802.8383015
3.840  0.349     -802.8379510
3.840  0.524     -802.8378621
3.840  0.698     -802.8379678
3.840  0.873     -802.8381533
3.840  1.047     -802.8379094
3.840  1.222     -802.8375263
3.840  1.396     -802.8370508
3.840  1.571     -802.8367211
3.840  1.745     -802.8357610
3.840  1.920     -802.8348688
3.840  2.094     -802.8344152
3.840  2.269     -802.8343689
3.840  2.443     -802.8346737
3.840  2.618     -802.8351579
3.840  2.793     -802.8356164
3.840  2.967     -802.8361406
3.840  3.142     -802.8364027
3.840  3.316     -802.8365770
3.840  3.491     -802.8364507
3.840  3.665     -802.8361781
3.840  3.840     -802.8357754
3.840  4.014     -802.8354069
3.840  4.189     -802.8357904
3.840  4.363     -802.8355433
3.840  4.538     -802.8347604
3.840  4.712     -802.8338511
3.840  4.887     -802.8332985
3.840  5.061     -802.8331422
3.840  5.236     -802.8334610
3.840  5.411     -802.8343276
3.840  5.585     -802.8356216
3.840  5.760     -802.8370047
3.840  5.934     -802.8381755
3.840  6.109     -802.8387125
4.014  0.000     -802.8363344
4.014  0.175     -802.8358584
4.014  0.349     -802.8355091
4.014  0.524     -802.8355489
4.014  0.698     -802.8358481
4.014  0.873     -802.8363617
4.014  1.047     -802.8372041
4.014  1.222     -802.8380419
4.014  1.396     -802.8386012
4.014  1.571     -802.8382856
4.014  1.745     -802.8374619
4.014  1.920     -802.8363351
4.014  2.094     -802.8356059
4.014  2.269     -802.8351377
4.014  2.443     -802.8348174
4.014  2.618     -802.8346845
4.014  2.793     -802.8345375
4.014  2.967     -802.8343047
4.014  3.142     -802.8340776
4.014  3.316     -802.8338553
4.014  3.491     -802.8336608
4.014  3.665     -802.8334974
4.014  3.840     -802.8335125
4.014  4.014     -802.8348947
4.014  4.189     -802.8360673
4.014  4.363     -802.8364885
4.014  4.538     -802.8360806
4.014  4.712     -802.8352642
4.014  4.887     -802.8345422
4.014  5.061     -802.8341496
4.014  5.236     -802.8342458
4.014  5.411     -802.8347031
4.014  5.585     -802.8355086
4.014  5.760     -802.8364333
4.014  5.934     -802.8368212
4.014  6.109     -802.8367608
4.189  0.000     -802.8340950
4.189  0.175     -802.8333989
4.189  0.349     -802.8331595
4.189  0.524     -802.8333714
4.189  0.698     -802.8339997
4.189  0.873     -802.8352265
4.189  1.047     -802.8368415
4.189  1.222     -802.8383306
4.189  1.396     -802.8391550
4.189  1.571     -802.8391475
4.189  1.745     -802.8384472
4.189  1.920     -802.8374245
4.189  2.094     -802.8364352
4.189  2.269     -802.8355687
4.189  2.443     -802.8347799
4.189  2.618     -802.8340013
4.189  2.793     -802.8331574
4.189  2.967     -802.8324437
4.189  3.142     -802.8318863
4.189  3.316     -802.8313946
4.189  3.491     -802.8311316
4.189  3.665     -802.8311928
4.189  3.840     -802.8325232
4.189  4.014     -802.8343614
4.189  4.189     -802.8358820
4.189  4.363     -802.8366362
4.189  4.538     -802.8365735
4.189  4.712     -802.8359951
4.189  4.887     -802.8353648
4.189  5.061     -802.8349423
4.189  5.236     -802.8347886
4.189  5.411     -802.8350295
4.189  5.585     -802.8353312
4.189  5.760     -802.8355955
4.189  5.934     -802.8354815
4.189  6.109     -802.8348702
4.363  0.000     -802.8321358
4.363  0.175     -802.8313518
4.363  0.349     -802.8312287
4.363  0.524     -802.8316900
4.363  0.698     -802.8325893
4.363  0.873     -802.8343011
4.363  1.047     -802.8364478
4.363  1.222     -802.8380882
4.363  1.396     -802.8391321
4.363  1.571     -802.8394438
4.363  1.745     -802.8389841
4.363  1.920     -802.8380546
4.363  2.094     -802.8369201
4.363  2.269     -802.8357681
4.363  2.443     -802.8344939
4.363  2.618     -802.8331828
4.363  2.793     -802.8319139
4.363  2.967     -802.8307717
4.363  3.142     -802.8298226
4.363  3.316     -802.8293237
4.363  3.491     -802.8290556
4.363  3.665     -802.8303291
4.363  3.840     -802.8322183
4.363  4.014     -802.8339317
4.363  4.189     -802.8353767
4.363  4.363     -802.8362111
4.363  4.538     -802.8363533
4.363  4.712     -802.8361951
4.363  4.887     -802.8357530
4.363  5.061     -802.8353430
4.363  5.236     -802.8351812
4.363  5.411     -802.8351332
4.363  5.585     -802.8351238
4.363  5.760     -802.8348678
4.363  5.934     -802.8342072
4.363  6.109     -802.8331952
4.538  0.000     -802.8303794
4.538  0.175     -802.8295560
4.538  0.349     -802.8296223
4.538  0.524     -802.8305992
4.538  0.698     -802.8324414
4.538  0.873     -802.8343012
4.538  1.047     -802.8361355
4.538  1.222     -802.8377040
4.538  1.396     -802.8387322
4.538  1.571     -802.8392826
4.538  1.745     -802.8391225
4.538  1.920     -802.8383236
4.538  2.094     -802.8370948
4.538  2.269     -802.8356507
4.538  2.443     -802.8340436
4.538  2.618     -802.8322988
4.538  2.793     -802.8305968
4.538  2.967     -802.8290872
4.538  3.142     -802.8279992
4.538  3.316     -802.8273835
4.538  3.491     -802.8286108
4.538  3.665     -802.8302763
4.538  3.840     -802.8320895
4.538  4.014     -802.8335980
4.538  4.189     -802.8347388
4.538  4.363     -802.8354358
4.538  4.538     -802.8357908
4.538  4.712     -802.8359595
4.538  4.887     -802.8357932
4.538  5.061     -802.8354979
4.538  5.236     -802.8352656
4.538  5.411     -802.8351207
4.538  5.585     -802.8347546
4.538  5.760     -802.8341363
4.538  5.934     -802.8330344
4.538  6.109     -802.8316260
4.712  0.000     -802.8287869
4.712  0.175     -802.8286931
4.712  0.349     -802.8297625
4.712  0.524     -802.8309538
4.712  0.698     -802.8325209
4.712  0.873     -802.8342036
4.712  1.047     -802.8357712
4.712  1.222     -802.8370868
4.712  1.396     -802.8381874
4.712  1.571     -802.8389113
4.712  1.745     -802.8390235
4.712  1.920     -802.8382997
4.712  2.094     -802.8370559
4.712  2.269     -802.8353218
4.712  2.443     -802.8333321
4.712  2.618     -802.8312726
4.712  2.793     -802.8293091
4.712  2.967     -802.8276288
4.712  3.142     -802.8253954
4.712  3.316     -802.8274905
4.712  3.491     -802.8293185
4.712  3.665     -802.8308183
4.712  3.840     -802.8322995
4.712  4.014     -802.8334436
4.712  4.189     -802.8342076
4.712  4.363     -802.8346242
4.712  4.538     -802.8352306
4.712  4.712     -802.8356441
4.712  4.887     -802.8356884
4.712  5.061     -802.8354373
4.712  5.236     -802.8351687
4.712  5.411     -802.8348417
4.712  5.585     -802.8343001
4.712  5.760     -802.8332568
4.712  5.934     -802.8318385
4.712  6.109     -802.8302146
4.887  0.000     -802.8286406
4.887  0.175     -802.8296952
4.887  0.349     -802.8305969
4.887  0.524     -802.8317564
4.887  0.698     -802.8330610
4.887  0.873     -802.8343928
4.887  1.047     -802.8355654
4.887  1.222     -802.8365919
4.887  1.396     -802.8376797
4.887  1.571     -802.8385187
4.887  1.745     -802.8387003
4.887  1.920     -802.8380686
4.887  2.094     -802.8366773
4.887  2.269     -802.8347148
4.887  2.443     -802.8325342
4.887  2.618     -802.8301824
4.887  2.793     -802.8218262
4.887  2.967     -802.8246514
4.887  3.142     -802.8270180
4.887  3.316     -802.8290002
4.887  3.491     -802.8305694
4.887  3.665     -802.8319684
4.887  3.840     -802.8329254
4.887  4.014     -802.8335435
4.887  4.189     -802.8337762
4.887  4.363     -802.8339754
4.887  4.538     -802.8346415
4.887  4.712     -802.8352299
4.887  4.887     -802.8353945
4.887  5.061     -802.8352104
4.887  5.236     -802.8348930
4.887  5.411     -802.8343841
4.887  5.585     -802.8334882
4.887  5.760     -802.8322711
4.887  5.934     -802.8306087
4.887  6.109     -802.8268242
5.061  0.000     -802.8303797
5.061  0.175     -802.8312537
5.061  0.349     -802.8320301
5.061  0.524     -802.8328647
5.061  0.698     -802.8338324
5.061  0.873     -802.8346845
5.061  1.047     -802.8353718
5.061  1.222     -802.8362271
5.061  1.396     -802.8372404
5.061  1.571     -802.8380296
5.061  1.745     -802.8381926
5.061  1.920     -802.8374167
5.061  2.094     -802.8357987
5.061  2.269     -802.8338460
5.061  2.443     -802.8313793
5.061  2.618     -802.8210619
5.061  2.793     -802.8243398
5.061  2.967     -802.8270734
5.061  3.142     -802.8292340
5.061  3.316     -802.8310546
5.061  3.491     -802.8323821
5.061  3.665     -802.8333526
5.061  3.840     -802.8338407
5.061  4.014     -802.8338455
5.061  4.189     -802.8334770
5.061  4.363     -802.8334972
5.061  4.538     -802.8341369
5.061  4.712     -802.8347678
5.061  4.887     -802.8349025
5.061  5.061     -802.8347283
5.061  5.236     -802.8341980
5.061  5.411     -802.8334504
5.061  5.585     -802.8323792
5.061  5.760     -802.8220509
5.061  5.934     -802.8260870
5.061  6.109     -802.8288107
5.236  0.000     -802.8325722
5.236  0.175     -802.8332077
5.236  0.349     -802.8337759
5.236  0.524     -802.8343295
5.236  0.698     -802.8348853
5.236  0.873     -802.8351735
5.236  1.047     -802.8354428
5.236  1.222     -802.8359718
5.236  1.396     -802.8367424
5.236  1.571     -802.8374098
5.236  1.745     -802.8373273
5.236  1.920     -802.8363659
5.236  2.094     -802.8346025
5.236  2.269     -802.8323831
5.236  2.443     -802.8205006
5.236  2.618     -802.8242670
5.236  2.793     -802.8273749
5.236  2.967     -802.8299226
5.236  3.142     -802.8319554
5.236  3.316     -802.8334446
5.236  3.491     -802.8344081
5.236  3.665     -802.8349437
5.236  3.840     -802.8349424
5.236  4.014     -802.8343662
5.236  4.189     -802.8334687
5.236  4.363     -802.8332038
5.236  4.538     -802.8337088
5.236  4.712     -802.8341660
5.236  4.887     -802.8341898
5.236  5.061     -802.8337741
5.236  5.236     -802.8329507
5.236  5.411     -802.8320939
5.236  5.585     -802.8204502
5.236  5.760     -802.8251939
5.236  5.934     -802.8288636
5.236  6.109     -802.8312915
5.411  0.000     -802.8350233
5.411  0.175     -802.8355587
5.411  0.349     -802.8357583
5.411  0.524     -802.8359934
5.411  0.698     -802.8361016
5.411  0.873     -802.8359339
5.411  1.047     -802.8356854
5.411  1.222     -802.8358651
5.411  1.396     -802.8362838
5.411  1.571     -802.8366067
5.411  1.745     -802.8361055
5.411  1.920     -802.8348048
5.411  2.094     -802.8327799
5.411  2.269     -802.8198415
5.411  2.443     -802.8239597
5.411  2.618     -802.8276923
5.411  2.793     -802.8305942
5.411  2.967     -802.8329352
5.411  3.142     -802.8347026
5.411  3.316     -802.8359727
5.411  3.491     -802.8366710
5.411  3.665     -802.8367591
5.411  3.840     -802.8361893
5.411  4.014     -802.8349962
5.411  4.189     -802.8337468
5.411  4.363     -802.8331084
5.411  4.538     -802.8332252
5.411  4.712     -802.8333086
5.411  4.887     -802.8330520
5.411  5.061     -802.8323228
5.411  5.236     -802.8313994
5.411  5.411     -802.8192758
5.411  5.585     -802.8241195
5.411  5.760     -802.8284673
5.411  5.934     -802.8318358
5.411  6.109     -802.8340355
5.585  0.000     -802.8376514
5.585  0.175     -802.8378995
5.585  0.349     -802.8379206
5.585  0.524     -802.8377628
5.585  0.698     -802.8374394
5.585  0.873     -802.8367887
5.585  1.047     -802.8361057
5.585  1.222     -802.8358160
5.585  1.396     -802.8358105
5.585  1.571     -802.8355220
5.585  1.745     -802.8345223
5.585  1.920     -802.8327689
5.585  2.094     -802.8191756
5.585  2.269     -802.8234896
5.585  2.443     -802.8275794
5.585  2.618     -802.8311131
5.585  2.793     -802.8338341
5.585  2.967     -802.8359192
5.585  3.142     -802.8374669
5.585  3.316     -802.8385062
5.585  3.491     -802.8388726
5.585  3.665     -802.8385405
5.585  3.840     -802.8375635
5.585  4.014     -802.8358454
5.585  4.189     -802.8340877
5.585  4.363     -802.8331445
5.585  4.538     -802.8326957
5.585  4.712     -802.8322482
5.585  4.887     -802.8314426
5.585  5.061     -802.8304689
5.585  5.236     -802.8182978
5.585  5.411     -802.8231126
5.585  5.585     -802.8278259
5.585  5.760     -802.8318210
5.585  5.934     -802.8349017
5.585  6.109     -802.8368402
5.760  0.000     -802.8401338
5.760  0.175     -802.8402168
5.760  0.349     -802.8398923
5.760  0.524     -802.8395397
5.760  0.698     -802.8388497
5.760  0.873     -802.8378291
5.760  1.047     -802.8366746
5.760  1.222     -802.8357739
5.760  1.396     -802.8351987
5.760  1.571     -802.8341910
5.760  1.745     -802.8326540
5.760  1.920     -802.8303012
5.760  2.094     -802.8227703
5.760  2.269     -802.8268748
5.760  2.443     -802.8308280
5.760  2.618     -802.8340797
5.760  2.793     -802.8365981
5.760  2.967     -802.8385530
5.760  3.142     -802.8399833
5.760  3.316     -802.8408144
5.760  3.491     -802.8409281
5.760  3.665     -802.8402717
5.760  3.840     -802.8389002
5.760  4.014     -802.8368688
5.760  4.189     -802.8347107
5.760  4.363     -802.8331953
5.760  4.538     -802.8321138
5.760  4.712     -802.8310222
5.760  4.887     -802.8296887
5.760  5.061     -802.8283024
5.760  5.236     -802.8222049
5.760  5.411     -802.8266976
5.760  5.585     -802.8310568
5.760  5.760     -802.8348586
5.760  5.934     -802.8376661
5.760  6.109     -802.8393864
5.934  0.000     -802.8421323
5.934  0.175     -802.8420356
5.934  0.349     -802.8416754
5.934  0.524     -802.8411365
5.934  0.698     -802.8402615
5.934  0.873     -802.8389419
5.934  1.047     -802.8373380
5.934  1.222     -802.8358769
5.934  1.396     -802.8345764
5.934  1.571     -802.8327999
5.934  1.745     -802.8305621
5.934  1.920     -802.8228391
5.934  2.094     -802.8262008
5.934  2.269     -802.8299042
5.934  2.443     -802.8335214
5.934  2.618     -802.8364766
5.934  2.793     -802.8388406
5.934  2.967     -802.8407014
5.934  3.142     -802.8420108
5.934  3.316     -802.8427183
5.934  3.491     -802.8426335
5.934  3.665     -802.8418413
5.934  3.840     -802.8401608
5.934  4.014     -802.8377516
5.934  4.189     -802.8352742
5.934  4.363     -802.8332893
5.934  4.538     -802.8314914
5.934  4.712     -802.8296669
5.934  4.887     -802.8279259
5.934  5.061     -802.8219657
5.934  5.236     -802.8257328
5.934  5.411     -802.8299005
5.934  5.585     -802.8338714
5.934  5.760     -802.8372827
5.934  5.934     -802.8399653
5.934  6.109     -802.8414695
6.109  0.000     -802.8434474
6.109  0.175     -802.8433322
6.109  0.349     -802.8428684
6.109  0.524     -802.8423874
6.109  0.698     -802.8414708
6.109  0.873     -802.8399728
6.109  1.047     -802.8381325
6.109  1.222     -802.8360306
6.109  1.396     -802.8339344
6.109  1.571     -802.8314803
6.109  1.745     -802.8287393
6.109  1.920     -802.8261298
6.109  2.094     -802.8290841
6.109  2.269     -802.8323156
6.109  2.443     -802.8353678
6.109  2.618     -802.8380915
6.109  2.793     -802.8402994
6.109  2.967     -802.8420187
6.109  3.142     -802.8433380
6.109  3.316     -802.8439718
6.109  3.491     -802.8437585
6.109  3.665     -802.8429259
6.109  3.840     -802.8411874
6.109  4.014     -802.8385755
6.109  4.189     -802.8359020
6.109  4.363     -802.8332908
6.109  4.538     -802.8308454
6.109  4.712     -802.8284540
6.109  4.887     -802.8232087
6.109  5.061     -802.8254434
6.109  5.236     -802.8287276
6.109  5.411     -802.8322998
6.109  5.585     -802.8358793
6.109  5.760     -802.8389116
6.109  5.934     -802.8414822
6.109  6.109     -802.8428916
