-180    -1609.1967944
-170    -1609.1962211
-160    -1609.1943589
-150    -1609.1917083
-140    -1609.1891621
-130    -1609.1849293
-120    -1609.1819627
-110    -1609.1796548
-100    -1609.1784177
-090    -1609.1778444
-080    -1609.1779568
-070    -1609.1780479
-060    -1609.1845855
-050    -1609.1818941
-040    -1609.1827679
-030    -1609.1828902
-020    -1609.1834705
-010    -1609.1837004
+000    -1609.1835101
+010    -1609.1829288
+020    -1609.1819150
+030    -1609.1804554
+040    -1609.1797517
+050    -1609.1783854
+060    -1609.1774552
+070    -1609.1760756
+080    -1609.1754143
+090    -1609.1786555
+100    -1609.1762679
+110    -1609.1821915
+120    -1609.1855593
+130    -1609.1898448
+140    -1609.1938021
+150    -1609.1932365
+160    -1609.1953039
+170    -1609.1966973
