0.000  0.000     -766.6569819
0.000  0.175     -766.6566604
0.000  0.349     -766.6556395
0.000  0.524     -766.6544811
0.000  0.698     -766.6526783
0.000  0.873     -766.6509185
0.000  1.047     -766.6495522
0.000  1.222     -766.6477746
0.000  1.396     -766.6456632
0.000  1.571     -766.6436391
0.000  1.745     -766.6444066
0.000  1.920     -766.6456812
0.000  2.094     -766.6472547
0.000  2.269     -766.6489219
0.000  2.443     -766.6506525
0.000  2.618     -766.6524091
0.000  2.793     -766.6539083
0.000  2.967     -766.6549175
0.000  3.142     -766.6552638
0.000  3.316     -766.6552464
0.000  3.491     -766.6546965
0.000  3.665     -766.6538847
0.000  3.840     -766.6527295
0.000  4.014     -766.6513592
0.000  4.189     -766.6496504
0.000  4.363     -766.6475301
0.000  4.538     -766.6450056
0.000  4.712     -766.6430138
0.000  4.887     -766.6439301
0.000  5.061     -766.6453471
0.000  5.236     -766.6470669
0.000  5.411     -766.6491173
0.000  5.585     -766.6513633
0.000  5.760     -766.6534307
0.000  5.934     -766.6551981
0.000  6.109     -766.6564627
0.175  0.000     -766.6565448
0.175  0.175     -766.6560102
0.175  0.349     -766.6547122
0.175  0.524     -766.6532312
0.175  0.698     -766.6513778
0.175  0.873     -766.6498366
0.175  1.047     -766.6486890
0.175  1.222     -766.6475689
0.175  1.396     -766.6464506
0.175  1.571     -766.6463999
0.175  1.745     -766.6470851
0.175  1.920     -766.6481426
0.175  2.094     -766.6494170
0.175  2.269     -766.6507578
0.175  2.443     -766.6520734
0.175  2.618     -766.6533591
0.175  2.793     -766.6544577
0.175  2.967     -766.6551307
0.175  3.142     -766.6552196
0.175  3.316     -766.6546795
0.175  3.491     -766.6539706
0.175  3.665     -766.6527950
0.175  3.840     -766.6515266
0.175  4.014     -766.6502692
0.175  4.189     -766.6487574
0.175  4.363     -766.6469488
0.175  4.538     -766.6454364
0.175  4.712     -766.6457999
0.175  4.887     -766.6466834
0.175  5.061     -766.6478306
0.175  5.236     -766.6491749
0.175  5.411     -766.6507263
0.175  5.585     -766.6525493
0.175  5.760     -766.6542296
0.175  5.934     -766.6555392
0.175  6.109     -766.6563728
0.349  0.000     -766.6555399
0.349  0.175     -766.6546077
0.349  0.349     -766.6533011
0.349  0.524     -766.6514642
0.349  0.698     -766.6498908
0.349  0.873     -766.6486392
0.349  1.047     -766.6479921
0.349  1.222     -766.6479959
0.349  1.396     -766.6481485
0.349  1.571     -766.6486304
0.349  1.745     -766.6492675
0.349  1.920     -766.6500794
0.349  2.094     -766.6509958
0.349  2.269     -766.6519374
0.349  2.443     -766.6528730
0.349  2.618     -766.6537316
0.349  2.793     -766.6543926
0.349  2.967     -766.6546678
0.349  3.142     -766.6544169
0.349  3.316     -766.6536737
0.349  3.491     -766.6524945
0.349  3.665     -766.6512965
0.349  3.840     -766.6499076
0.349  4.014     -766.6488957
0.349  4.189     -766.6478058
0.349  4.363     -766.6473084
0.349  4.538     -766.6475672
0.349  4.712     -766.6482871
0.349  4.887     -766.6490986
0.349  5.061     -766.6499608
0.349  5.236     -766.6509280
0.349  5.411     -766.6520042
0.349  5.585     -766.6532415
0.349  5.760     -766.6544918
0.349  5.934     -766.6554507
0.349  6.109     -766.6558634
0.524  0.000     -766.6543230
0.524  0.175     -766.6532257
0.524  0.349     -766.6515551
0.524  0.524     -766.6496413
0.524  0.698     -766.6481550
0.524  0.873     -766.6474606
0.524  1.047     -766.6478431
0.524  1.222     -766.6487279
0.524  1.396     -766.6495643
0.524  1.571     -766.6503511
0.524  1.745     -766.6509872
0.524  1.920     -766.6515701
0.524  2.094     -766.6521478
0.524  2.269     -766.6526604
0.524  2.443     -766.6531348
0.524  2.618     -766.6535306
0.524  2.793     -766.6537289
0.524  2.967     -766.6535751
0.524  3.142     -766.6530264
0.524  3.316     -766.6521084
0.524  3.491     -766.6508919
0.524  3.665     -766.6492770
0.524  3.840     -766.6481665
0.524  4.014     -766.6474207
0.524  4.189     -766.6474273
0.524  4.363     -766.6483314
0.524  4.538     -766.6494125
0.524  4.712     -766.6503326
0.524  4.887     -766.6510901
0.524  5.061     -766.6516366
0.524  5.236     -766.6521716
0.524  5.411     -766.6527942
0.524  5.585     -766.6535023
0.524  5.760     -766.6542077
0.524  5.934     -766.6547328
0.524  6.109     -766.6548182
0.698  0.000     -766.6525302
0.698  0.175     -766.6512995
0.698  0.349     -766.6497747
0.698  0.524     -766.6482044
0.698  0.698     -766.6473238
0.698  0.873     -766.6473222
0.698  1.047     -766.6483409
0.698  1.222     -766.6495694
0.698  1.396     -766.6507206
0.698  1.571     -766.6516485
0.698  1.745     -766.6522949
0.698  1.920     -766.6526631
0.698  2.094     -766.6529071
0.698  2.269     -766.6530428
0.698  2.443     -766.6531220
0.698  2.618     -766.6531198
0.698  2.793     -766.6529019
0.698  2.967     -766.6523441
0.698  3.142     -766.6514301
0.698  3.316     -766.6502317
0.698  3.491     -766.6487834
0.698  3.665     -766.6473909
0.698  3.840     -766.6464089
0.698  4.014     -766.6465591
0.698  4.189     -766.6479238
0.698  4.363     -766.6495435
0.698  4.538     -766.6509121
0.698  4.712     -766.6519376
0.698  4.887     -766.6525838
0.698  5.061     -766.6528871
0.698  5.236     -766.6530133
0.698  5.411     -766.6531716
0.698  5.585     -766.6533689
0.698  5.760     -766.6536055
0.698  5.934     -766.6536798
0.698  6.109     -766.6533443
0.873  0.000     -766.6508181
0.873  0.175     -766.6497875
0.873  0.349     -766.6487056
0.873  0.524     -766.6475891
0.873  0.698     -766.6474228
0.873  0.873     -766.6480687
0.873  1.047     -766.6492501
0.873  1.222     -766.6505090
0.873  1.396     -766.6516849
0.873  1.571     -766.6525784
0.873  1.745     -766.6531406
0.873  1.920     -766.6533090
0.873  2.094     -766.6532272
0.873  2.269     -766.6529966
0.873  2.443     -766.6526660
0.873  2.618     -766.6522273
0.873  2.793     -766.6516509
0.873  2.967     -766.6508140
0.873  3.142     -766.6497998
0.873  3.316     -766.6486338
0.873  3.491     -766.6474709
0.873  3.665     -766.6464113
0.873  3.840     -766.6461294
0.873  4.014     -766.6470354
0.873  4.189     -766.6489146
0.873  4.363     -766.6506843
0.873  4.538     -766.6522374
0.873  4.712     -766.6532995
0.873  4.887     -766.6538055
0.873  5.061     -766.6539015
0.873  5.236     -766.6536781
0.873  5.411     -766.6532902
0.873  5.585     -766.6529713
0.873  5.760     -766.6527058
0.873  5.934     -766.6523673
0.873  6.109     -766.6517043
1.047  0.000     -766.6494035
1.047  0.175     -766.6485827
1.047  0.349     -766.6480284
1.047  0.524     -766.6479507
1.047  0.698     -766.6484407
1.047  0.873     -766.6493090
1.047  1.047     -766.6503944
1.047  1.222     -766.6514876
1.047  1.396     -766.6525056
1.047  1.571     -766.6532422
1.047  1.745     -766.6535836
1.047  1.920     -766.6535034
1.047  2.094     -766.6530647
1.047  2.269     -766.6524673
1.047  2.443     -766.6517565
1.047  2.618     -766.6509385
1.047  2.793     -766.6500246
1.047  2.967     -766.6489853
1.047  3.142     -766.6479905
1.047  3.316     -766.6471087
1.047  3.491     -766.6464770
1.047  3.665     -766.6461977
1.047  3.840     -766.6468806
1.047  4.014     -766.6481764
1.047  4.189     -766.6500547
1.047  4.363     -766.6520656
1.047  4.538     -766.6533765
1.047  4.712     -766.6542673
1.047  4.887     -766.6546151
1.047  5.061     -766.6544088
1.047  5.236     -766.6537800
1.047  5.411     -766.6529256
1.047  5.585     -766.6520822
1.047  5.760     -766.6513255
1.047  5.934     -766.6507328
1.047  6.109     -766.6500286
1.222  0.000     -766.6474581
1.222  0.175     -766.6472947
1.222  0.349     -766.6478561
1.222  0.524     -766.6487464
1.222  0.698     -766.6496591
1.222  0.873     -766.6505818
1.222  1.047     -766.6515276
1.222  1.222     -766.6523866
1.222  1.396     -766.6531247
1.222  1.571     -766.6536075
1.222  1.745     -766.6536650
1.222  1.920     -766.6532929
1.222  2.094     -766.6525250
1.222  2.269     -766.6515303
1.222  2.443     -766.6504090
1.222  2.618     -766.6492134
1.222  2.793     -766.6479948
1.222  2.967     -766.6469031
1.222  3.142     -766.6460841
1.222  3.316     -766.6457779
1.222  3.491     -766.6461193
1.222  3.665     -766.6468243
1.222  3.840     -766.6481200
1.222  4.014     -766.6495897
1.222  4.189     -766.6516824
1.222  4.363     -766.6531461
1.222  4.538     -766.6544392
1.222  4.712     -766.6549497
1.222  4.887     -766.6548808
1.222  5.061     -766.6543008
1.222  5.236     -766.6532768
1.222  5.411     -766.6520153
1.222  5.585     -766.6507488
1.222  5.760     -766.6496979
1.222  5.934     -766.6488276
1.222  6.109     -766.6481429
1.396  0.000     -766.6451319
1.396  0.175     -766.6459303
1.396  0.349     -766.6478831
1.396  0.524     -766.6494648
1.396  0.698     -766.6507222
1.396  0.873     -766.6517299
1.396  1.047     -766.6525590
1.396  1.222     -766.6531695
1.396  1.396     -766.6535631
1.396  1.571     -766.6536888
1.396  1.745     -766.6533613
1.396  1.920     -766.6525810
1.396  2.094     -766.6514373
1.396  2.269     -766.6500464
1.396  2.443     -766.6485262
1.396  2.618     -766.6469810
1.396  2.793     -766.6455305
1.396  2.967     -766.6443811
1.396  3.142     -766.6437805
1.396  3.316     -766.6445219
1.396  3.491     -766.6461687
1.396  3.665     -766.6476911
1.396  3.840     -766.6493731
1.396  4.014     -766.6509612
1.396  4.189     -766.6528062
1.396  4.363     -766.6541911
1.396  4.538     -766.6549875
1.396  4.712     -766.6553065
1.396  4.887     -766.6548980
1.396  5.061     -766.6538854
1.396  5.236     -766.6524164
1.396  5.411     -766.6506704
1.396  5.585     -766.6489716
1.396  5.760     -766.6475130
1.396  5.934     -766.6464459
1.396  6.109     -766.6455594
1.571  0.000     -766.6431030
1.571  0.175     -766.6459849
1.571  0.349     -766.6483446
1.571  0.524     -766.6501874
1.571  0.698     -766.6515901
1.571  0.873     -766.6525804
1.571  1.047     -766.6532347
1.571  1.222     -766.6536354
1.571  1.396     -766.6536919
1.571  1.571     -766.6534250
1.571  1.745     -766.6526841
1.571  1.920     -766.6514562
1.571  2.094     -766.6498435
1.571  2.269     -766.6479851
1.571  2.443     -766.6460450
1.571  2.618     -766.6441677
1.571  2.793     -766.6424858
1.571  2.967     -766.6412755
1.571  3.142     -766.6416459
1.571  3.316     -766.6445112
1.571  3.491     -766.6467761
1.571  3.665     -766.6486814
1.571  3.840     -766.6505300
1.571  4.014     -766.6520505
1.571  4.189     -766.6535908
1.571  4.363     -766.6547559
1.571  4.538     -766.6553220
1.571  4.712     -766.6551151
1.571  4.887     -766.6543450
1.571  5.061     -766.6529289
1.571  5.236     -766.6509487
1.571  5.411     -766.6487449
1.571  5.585     -766.6466336
1.571  5.760     -766.6447290
1.571  5.934     -766.6434183
1.571  6.109     -766.6423590
1.745  0.000     -766.6440433
1.745  0.175     -766.6467946
1.745  0.349     -766.6490367
1.745  0.524     -766.6508120
1.745  0.698     -766.6521778
1.745  0.873     -766.6530973
1.745  1.047     -766.6535688
1.745  1.222     -766.6536787
1.745  1.396     -766.6533596
1.745  1.571     -766.6526723
1.745  1.745     -766.6514948
1.745  1.920     -766.6498170
1.745  2.094     -766.6477502
1.745  2.269     -766.6454230
1.745  2.443     -766.6430495
1.745  2.618     -766.6408508
1.745  2.793     -766.6389802
1.745  2.967     -766.6388582
1.745  3.142     -766.6423364
1.745  3.316     -766.6453239
1.745  3.491     -766.6477367
1.745  3.665     -766.6497241
1.745  3.840     -766.6514795
1.745  4.014     -766.6528139
1.745  4.189     -766.6539508
1.745  4.363     -766.6547960
1.745  4.538     -766.6550126
1.745  4.712     -766.6545120
1.745  4.887     -766.6532818
1.745  5.061     -766.6514145
1.745  5.236     -766.6489980
1.745  5.411     -766.6463937
1.745  5.585     -766.6438599
1.745  5.760     -766.6415623
1.745  5.934     -766.6398834
1.745  6.109     -766.6407203
1.920  0.000     -766.6454232
1.920  0.175     -766.6479541
1.920  0.349     -766.6499361
1.920  0.524     -766.6514494
1.920  0.698     -766.6525599
1.920  0.873     -766.6532476
1.920  1.047     -766.6534600
1.920  1.222     -766.6532846
1.920  1.396     -766.6525922
1.920  1.571     -766.6514516
1.920  1.745     -766.6498241
1.920  1.920     -766.6476899
1.920  2.094     -766.6451579
1.920  2.269     -766.6423876
1.920  2.443     -766.6396057
1.920  2.618     -766.6370854
1.920  2.793     -766.6364927
1.920  2.967     -766.6403247
1.920  3.142     -766.6436742
1.920  3.316     -766.6465435
1.920  3.491     -766.6488470
1.920  3.665     -766.6506956
1.920  3.840     -766.6521682
1.920  4.014     -766.6532126
1.920  4.189     -766.6538851
1.920  4.363     -766.6543233
1.920  4.538     -766.6541066
1.920  4.712     -766.6532977
1.920  4.887     -766.6517061
1.920  5.061     -766.6494016
1.920  5.236     -766.6466177
1.920  5.411     -766.6436036
1.920  5.585     -766.6406422
1.920  5.760     -766.6380625
1.920  5.934     -766.6385495
1.920  6.109     -766.6422895
2.094  0.000     -766.6470980
2.094  0.175     -766.6493261
2.094  0.349     -766.6509260
2.094  0.524     -766.6520865
2.094  0.698     -766.6528506
2.094  0.873     -766.6532002
2.094  1.047     -766.6530610
2.094  1.222     -766.6525261
2.094  1.396     -766.6514798
2.094  1.571     -766.6498773
2.094  1.745     -766.6477886
2.094  1.920     -766.6451950
2.094  2.094     -766.6421932
2.094  2.269     -766.6390218
2.094  2.443     -766.6359083
2.094  2.618     -766.6347734
2.094  2.793     -766.6386332
2.094  2.967     -766.6422421
2.094  3.142     -766.6453653
2.094  3.316     -766.6479736
2.094  3.491     -766.6499850
2.094  3.665     -766.6515157
2.094  3.840     -766.6525997
2.094  4.014     -766.6532674
2.094  4.189     -766.6535036
2.094  4.363     -766.6534876
2.094  4.538     -766.6528390
2.094  4.712     -766.6516238
2.094  4.887     -766.6497126
2.094  5.061     -766.6470424
2.094  5.236     -766.6438627
2.094  5.411     -766.6404383
2.094  5.585     -766.6370913
2.094  5.760     -766.6368047
2.094  5.934     -766.6408091
2.094  6.109     -766.6442620
2.269  0.000     -766.6488454
2.269  0.175     -766.6507216
2.269  0.349     -766.6519598
2.269  0.524     -766.6526680
2.269  0.698     -766.6530476
2.269  0.873     -766.6530156
2.269  1.047     -766.6525125
2.269  1.222     -766.6515718
2.269  1.396     -766.6501370
2.269  1.571     -766.6480858
2.269  1.745     -766.6455305
2.269  1.920     -766.6424891
2.269  2.094     -766.6390969
2.269  2.269     -766.6355921
2.269  2.443     -766.6339206
2.269  2.618     -766.6375885
2.269  2.793     -766.6411558
2.269  2.967     -766.6444127
2.269  3.142     -766.6471833
2.269  3.316     -766.6494329
2.269  3.491     -766.6510689
2.269  3.665     -766.6522161
2.269  3.840     -766.6529105
2.269  4.014     -766.6531382
2.269  4.189     -766.6529657
2.269  4.363     -766.6524986
2.269  4.538     -766.6514245
2.269  4.712     -766.6497420
2.269  4.887     -766.6474600
2.269  5.061     -766.6444591
2.269  5.236     -766.6409051
2.269  5.411     -766.6371393
2.269  5.585     -766.6355340
2.269  5.760     -766.6394824
2.269  5.934     -766.6432137
2.269  6.109     -766.6463602
2.443  0.000     -766.6506671
2.443  0.175     -766.6521260
2.443  0.349     -766.6529836
2.443  0.524     -766.6532291
2.443  0.698     -766.6531943
2.443  0.873     -766.6527482
2.443  1.047     -766.6518672
2.443  1.222     -766.6505197
2.443  1.396     -766.6486792
2.443  1.571     -766.6462326
2.443  1.745     -766.6432638
2.443  1.920     -766.6398160
2.443  2.094     -766.6360963
2.443  2.269     -766.6340031
2.443  2.443     -766.6372901
2.443  2.618     -766.6406530
2.443  2.793     -766.6438634
2.443  2.967     -766.6466853
2.443  3.142     -766.6490109
2.443  3.316     -766.6508369
2.443  3.491     -766.6520646
2.443  3.665     -766.6527978
2.443  3.840     -766.6531170
2.443  4.014     -766.6529499
2.443  4.189     -766.6523676
2.443  4.363     -766.6514366
2.443  4.538     -766.6500110
2.443  4.712     -766.6479383
2.443  4.887     -766.6452666
2.443  5.061     -766.6419475
2.443  5.236     -766.6380558
2.443  5.411     -766.6352759
2.443  5.585     -766.6387963
2.443  5.760     -766.6424072
2.443  5.934     -766.6457749
2.443  6.109     -766.6485950
2.618  0.000     -766.6524858
2.618  0.175     -766.6534788
2.618  0.349     -766.6538977
2.618  0.524     -766.6536825
2.618  0.698     -766.6532418
2.618  0.873     -766.6523735
2.618  1.047     -766.6510879
2.618  1.222     -766.6493836
2.618  1.396     -766.6472014
2.618  1.571     -766.6444405
2.618  1.745     -766.6411788
2.618  1.920     -766.6374330
2.618  2.094     -766.6350516
2.618  2.269     -766.6377369
2.618  2.443     -766.6407114
2.618  2.618     -766.6436990
2.618  2.793     -766.6464785
2.618  2.967     -766.6488459
2.618  3.142     -766.6506963
2.618  3.316     -766.6520712
2.618  3.491     -766.6529256
2.618  3.665     -766.6532681
2.618  3.840     -766.6532276
2.618  4.014     -766.6526966
2.618  4.189     -766.6517474
2.618  4.363     -766.6503937
2.618  4.538     -766.6485930
2.618  4.712     -766.6461943
2.618  4.887     -766.6431907
2.618  5.061     -766.6395756
2.618  5.236     -766.6361085
2.618  5.411     -766.6388494
2.618  5.585     -766.6420458
2.618  5.760     -766.6452815
2.618  5.934     -766.6482688
2.618  6.109     -766.6507516
2.793  0.000     -766.6539622
2.793  0.175     -766.6545976
2.793  0.349     -766.6545838
2.793  0.524     -766.6539288
2.793  0.698     -766.6530392
2.793  0.873     -766.6518329
2.793  1.047     -766.6502043
2.793  1.222     -766.6482440
2.793  1.396     -766.6458338
2.793  1.571     -766.6428657
2.793  1.745     -766.6394235
2.793  1.920     -766.6369358
2.793  2.094     -766.6389319
2.793  2.269     -766.6413208
2.793  2.443     -766.6439320
2.793  2.618     -766.6465000
2.793  2.793     -766.6488048
2.793  2.967     -766.6507088
2.793  3.142     -766.6521075
2.793  3.316     -766.6530236
2.793  3.491     -766.6535296
2.793  3.665     -766.6535486
2.793  3.840     -766.6531879
2.793  4.014     -766.6523502
2.793  4.189     -766.6510876
2.793  4.363     -766.6494144
2.793  4.538     -766.6472873
2.793  4.712     -766.6446183
2.793  4.887     -766.6413532
2.793  5.061     -766.6379045
2.793  5.236     -766.6397927
2.793  5.411     -766.6422777
2.793  5.585     -766.6450512
2.793  5.760     -766.6478750
2.793  5.934     -766.6504721
2.793  6.109     -766.6525582
2.967  0.000     -766.6548970
2.967  0.175     -766.6552423
2.967  0.349     -766.6548186
2.967  0.524     -766.6537808
2.967  0.698     -766.6524606
2.967  0.873     -766.6509890
2.967  1.047     -766.6491634
2.967  1.222     -766.6471657
2.967  1.396     -766.6447718
2.967  1.571     -766.6417841
2.967  1.745     -766.6394038
2.967  1.920     -766.6407010
2.967  2.094     -766.6425064
2.967  2.269     -766.6445692
2.967  2.443     -766.6467501
2.967  2.618     -766.6488595
2.967  2.793     -766.6507035
2.967  2.967     -766.6521566
2.967  3.142     -766.6531075
2.967  3.316     -766.6535796
2.967  3.491     -766.6537081
2.967  3.665     -766.6534517
2.967  3.840     -766.6528757
2.967  4.014     -766.6518922
2.967  4.189     -766.6504617
2.967  4.363     -766.6485986
2.967  4.538     -766.6462561
2.967  4.712     -766.6433982
2.967  4.887     -766.6404729
2.967  5.061     -766.6415755
2.967  5.236     -766.6431265
2.967  5.411     -766.6452699
2.967  5.585     -766.6476141
2.967  5.760     -766.6500388
2.967  5.934     -766.6522504
2.967  6.109     -766.6538850
3.142  0.000     -766.6552498
3.142  0.175     -766.6552186
3.142  0.349     -766.6545187
3.142  0.524     -766.6532211
3.142  0.698     -766.6515250
3.142  0.873     -766.6499600
3.142  1.047     -766.6481618
3.142  1.222     -766.6463784
3.142  1.396     -766.6442849
3.142  1.571     -766.6422347
3.142  1.745     -766.6427805
3.142  1.920     -766.6439904
3.142  2.094     -766.6455826
3.142  2.269     -766.6473180
3.142  2.443     -766.6490683
3.142  2.618     -766.6506928
3.142  2.793     -766.6520798
3.142  2.967     -766.6530879
3.142  3.142     -766.6536149
3.142  3.316     -766.6536848
3.142  3.491     -766.6534622
3.142  3.665     -766.6529553
3.142  3.840     -766.6521926
3.142  4.014     -766.6511735
3.142  4.189     -766.6498068
3.142  4.363     -766.6480203
3.142  4.538     -766.6457145
3.142  4.712     -766.6436149
3.142  4.887     -766.6440172
3.142  5.061     -766.6449194
3.142  5.236     -766.6461175
3.142  5.411     -766.6478364
3.142  5.585     -766.6497728
3.142  5.760     -766.6517699
3.142  5.934     -766.6535026
3.142  6.109     -766.6547075
3.316  0.000     -766.6552357
3.316  0.175     -766.6547239
3.316  0.349     -766.6537161
3.316  0.524     -766.6522827
3.316  0.698     -766.6502960
3.316  0.873     -766.6487234
3.316  1.047     -766.6472096
3.316  1.222     -766.6460232
3.316  1.396     -766.6450055
3.316  1.571     -766.6449244
3.316  1.745     -766.6456414
3.316  1.920     -766.6467491
3.316  2.094     -766.6481312
3.316  2.269     -766.6495242
3.316  2.443     -766.6508642
3.316  2.618     -766.6520617
3.316  2.793     -766.6530011
3.316  2.967     -766.6535636
3.316  3.142     -766.6536842
3.316  3.316     -766.6533669
3.316  3.491     -766.6528074
3.316  3.665     -766.6520795
3.316  3.840     -766.6511981
3.316  4.014     -766.6502204
3.316  4.189     -766.6490805
3.316  4.363     -766.6477385
3.316  4.538     -766.6464791
3.316  4.712     -766.6462511
3.316  4.887     -766.6468952
3.316  5.061     -766.6476201
3.316  5.236     -766.6486375
3.316  5.411     -766.6499081
3.316  5.585     -766.6514160
3.316  5.760     -766.6529384
3.316  5.934     -766.6541788
3.316  6.109     -766.6549836
3.491  0.000     -766.6546117
3.491  0.175     -766.6539907
3.491  0.349     -766.6525856
3.491  0.524     -766.6509215
3.491  0.698     -766.6488443
3.491  0.873     -766.6474879
3.491  1.047     -766.6464699
3.491  1.222     -766.6462148
3.491  1.396     -766.6463792
3.491  1.571     -766.6470223
3.491  1.745     -766.6479321
3.491  1.920     -766.6490187
3.491  2.094     -766.6501025
3.491  2.269     -766.6511288
3.491  2.443     -766.6520532
3.491  2.618     -766.6528604
3.491  2.793     -766.6534793
3.491  2.967     -766.6536814
3.491  3.142     -766.6534719
3.491  3.316     -766.6528375
3.491  3.491     -766.6519541
3.491  3.665     -766.6509695
3.491  3.840     -766.6499594
3.491  4.014     -766.6490690
3.491  4.189     -766.6483452
3.491  4.363     -766.6478603
3.491  4.538     -766.6478958
3.491  4.712     -766.6484990
3.491  4.887     -766.6490088
3.491  5.061     -766.6497667
3.491  5.236     -766.6505075
3.491  5.411     -766.6514431
3.491  5.585     -766.6525262
3.491  5.760     -766.6535836
3.491  5.934     -766.6544051
3.491  6.109     -766.6547746
3.665  0.000     -766.6538978
3.665  0.175     -766.6528357
3.665  0.349     -766.6513402
3.665  0.524     -766.6493635
3.665  0.698     -766.6475333
3.665  0.873     -766.6464134
3.665  1.047     -766.6462060
3.665  1.222     -766.6468765
3.665  1.396     -766.6477955
3.665  1.571     -766.6488284
3.665  1.745     -766.6498701
3.665  1.920     -766.6508351
3.665  2.094     -766.6516138
3.665  2.269     -766.6522661
3.665  2.443     -766.6527886
3.665  2.618     -766.6532095
3.665  2.793     -766.6534622
3.665  2.967     -766.6534107
3.665  3.142     -766.6529439
3.665  3.316     -766.6521128
3.665  3.491     -766.6510047
3.665  3.665     -766.6498090
3.665  3.840     -766.6486838
3.665  4.014     -766.6479112
3.665  4.189     -766.6477264
3.665  4.363     -766.6483242
3.665  4.538     -766.6492190
3.665  4.712     -766.6500422
3.665  4.887     -766.6508021
3.665  5.061     -766.6514783
3.665  5.236     -766.6520382
3.665  5.411     -766.6525832
3.665  5.585     -766.6532062
3.665  5.760     -766.6538620
3.665  5.934     -766.6542998
3.665  6.109     -766.6543603
3.840  0.000     -766.6526264
3.840  0.175     -766.6515341
3.840  0.349     -766.6500179
3.840  0.524     -766.6482377
3.840  0.698     -766.6466554
3.840  0.873     -766.6461939
3.840  1.047     -766.6468769
3.840  1.222     -766.6481263
3.840  1.396     -766.6494498
3.840  1.571     -766.6506485
3.840  1.745     -766.6516265
3.840  1.920     -766.6523233
3.840  2.094     -766.6527072
3.840  2.269     -766.6529288
3.840  2.443     -766.6530821
3.840  2.618     -766.6531468
3.840  2.793     -766.6530756
3.840  2.967     -766.6527971
3.840  3.142     -766.6521628
3.840  3.316     -766.6512200
3.840  3.491     -766.6500152
3.840  3.665     -766.6487342
3.840  3.840     -766.6475912
3.840  4.014     -766.6472071
3.840  4.189     -766.6477642
3.840  4.363     -766.6491524
3.840  4.538     -766.6505191
3.840  4.712     -766.6517486
3.840  4.887     -766.6525259
3.840  5.061     -766.6529567
3.840  5.236     -766.6531080
3.840  5.411     -766.6531696
3.840  5.585     -766.6532779
3.840  5.760     -766.6534214
3.840  5.934     -766.6534623
3.840  6.109     -766.6532408
4.014  0.000     -766.6512387
4.014  0.175     -766.6502402
4.014  0.349     -766.6489351
4.014  0.524     -766.6475597
4.014  0.698     -766.6468105
4.014  0.873     -766.6472591
4.014  1.047     -766.6484205
4.014  1.222     -766.6497259
4.014  1.396     -766.6510462
4.014  1.571     -766.6521290
4.014  1.745     -766.6529115
4.014  1.920     -766.6533165
4.014  2.094     -766.6533407
4.014  2.269     -766.6531626
4.014  2.443     -766.6529071
4.014  2.618     -766.6525930
4.014  2.793     -766.6521919
4.014  2.967     -766.6517252
4.014  3.142     -766.6510691
4.014  3.316     -766.6501766
4.014  3.491     -766.6491157
4.014  3.665     -766.6479895
4.014  3.840     -766.6472587
4.014  4.014     -766.6476694
4.014  4.189     -766.6489480
4.014  4.363     -766.6506240
4.014  4.538     -766.6521959
4.014  4.712     -766.6533194
4.014  4.887     -766.6539977
4.014  5.061     -766.6541669
4.014  5.236     -766.6538937
4.014  5.411     -766.6534618
4.014  5.585     -766.6530199
4.014  5.760     -766.6526484
4.014  5.934     -766.6523438
4.014  6.109     -766.6519523
4.189  0.000     -766.6494224
4.189  0.175     -766.6485939
4.189  0.349     -766.6477516
4.189  0.524     -766.6475407
4.189  0.698     -766.6481096
4.189  0.873     -766.6489474
4.189  1.047     -766.6502199
4.189  1.222     -766.6516947
4.189  1.396     -766.6529500
4.189  1.571     -766.6537597
4.189  1.745     -766.6541451
4.189  1.920     -766.6540698
4.189  2.094     -766.6536317
4.189  2.269     -766.6530229
4.189  2.443     -766.6523374
4.189  2.618     -766.6516389
4.189  2.793     -766.6509131
4.189  2.967     -766.6502257
4.189  3.142     -766.6495936
4.189  3.316     -766.6489271
4.189  3.491     -766.6483506
4.189  3.665     -766.6478145
4.189  3.840     -766.6478600
4.189  4.014     -766.6488887
4.189  4.189     -766.6505887
4.189  4.363     -766.6523096
4.189  4.538     -766.6538538
4.189  4.712     -766.6549972
4.189  4.887     -766.6554097
4.189  5.061     -766.6551405
4.189  5.236     -766.6543598
4.189  5.411     -766.6534033
4.189  5.585     -766.6524636
4.189  5.760     -766.6516445
4.189  5.934     -766.6509104
4.189  6.109     -766.6502162
4.363  0.000     -766.6471749
4.363  0.175     -766.6466194
4.363  0.349     -766.6470281
4.363  0.524     -766.6482784
4.363  0.698     -766.6496085
4.363  0.873     -766.6507377
4.363  1.047     -766.6520852
4.363  1.222     -766.6532606
4.363  1.396     -766.6542234
4.363  1.571     -766.6548696
4.363  1.745     -766.6549270
4.363  1.920     -766.6544636
4.363  2.094     -766.6535939
4.363  2.269     -766.6525443
4.363  2.443     -766.6514264
4.363  2.618     -766.6502866
4.363  2.793     -766.6492146
4.363  2.967     -766.6483010
4.363  3.142     -766.6476586
4.363  3.316     -766.6473842
4.363  3.491     -766.6477285
4.363  3.665     -766.6483141
4.363  3.840     -766.6491758
4.363  4.014     -766.6506134
4.363  4.189     -766.6522967
4.363  4.363     -766.6541042
4.363  4.538     -766.6553638
4.363  4.712     -766.6560488
4.363  4.887     -766.6561169
4.363  5.061     -766.6555108
4.363  5.236     -766.6543825
4.363  5.411     -766.6529054
4.363  5.585     -766.6514039
4.363  5.760     -766.6501437
4.363  5.934     -766.6490018
4.363  6.109     -766.6480145
4.538  0.000     -766.6445553
4.538  0.175     -766.6449680
4.538  0.349     -766.6472687
4.538  0.524     -766.6492629
4.538  0.698     -766.6508836
4.538  0.873     -766.6521913
4.538  1.047     -766.6533937
4.538  1.222     -766.6544329
4.538  1.396     -766.6550210
4.538  1.571     -766.6553185
4.538  1.745     -766.6551146
4.538  1.920     -766.6542428
4.538  2.094     -766.6529338
4.538  2.269     -766.6514216
4.538  2.443     -766.6499285
4.538  2.618     -766.6484478
4.538  2.793     -766.6470377
4.538  2.967     -766.6458818
4.538  3.142     -766.6451972
4.538  3.316     -766.6459394
4.538  3.491     -766.6476574
4.538  3.665     -766.6491549
4.538  3.840     -766.6503414
4.538  4.014     -766.6520622
4.538  4.189     -766.6538822
4.538  4.363     -766.6552528
4.538  4.538     -766.6564274
4.538  4.712     -766.6568390
4.538  4.887     -766.6564511
4.538  5.061     -766.6553810
4.538  5.236     -766.6538534
4.538  5.411     -766.6519930
4.538  5.585     -766.6499588
4.538  5.760     -766.6481819
4.538  5.934     -766.6466778
4.538  6.109     -766.6454251
4.712  0.000     -766.6425135
4.712  0.175     -766.6453947
4.712  0.349     -766.6479729
4.712  0.524     -766.6501219
4.712  0.698     -766.6518125
4.712  0.873     -766.6531591
4.712  1.047     -766.6542575
4.712  1.222     -766.6548480
4.712  1.396     -766.6552789
4.712  1.571     -766.6550913
4.712  1.745     -766.6545012
4.712  1.920     -766.6533320
4.712  2.094     -766.6516825
4.712  2.269     -766.6497316
4.712  2.443     -766.6478113
4.712  2.618     -766.6459834
4.712  2.793     -766.6442907
4.712  2.967     -766.6429565
4.712  3.142     -766.6429788
4.712  3.316     -766.6458008
4.712  3.491     -766.6482154
4.712  3.665     -766.6498775
4.712  3.840     -766.6516588
4.712  4.014     -766.6531670
4.712  4.189     -766.6548962
4.712  4.363     -766.6559205
4.712  4.538     -766.6567237
4.712  4.712     -766.6568951
4.712  4.887     -766.6562128
4.712  5.061     -766.6547776
4.712  5.236     -766.6527976
4.712  5.411     -766.6505187
4.712  5.585     -766.6481007
4.712  5.760     -766.6458790
4.712  5.934     -766.6440304
4.712  6.109     -766.6425079
4.887  0.000     -766.6435955
4.887  0.175     -766.6463825
4.887  0.349     -766.6488218
4.887  0.524     -766.6508583
4.887  0.698     -766.6524101
4.887  0.873     -766.6536185
4.887  1.047     -766.6545317
4.887  1.222     -766.6547713
4.887  1.396     -766.6547798
4.887  1.571     -766.6542735
4.887  1.745     -766.6532207
4.887  1.920     -766.6516629
4.887  2.094     -766.6496704
4.887  2.269     -766.6473772
4.887  2.443     -766.6450865
4.887  2.618     -766.6429169
4.887  2.793     -766.6409127
4.887  2.967     -766.6399050
4.887  3.142     -766.6435270
4.887  3.316     -766.6465095
4.887  3.491     -766.6487433
4.887  3.665     -766.6506737
4.887  3.840     -766.6523849
4.887  4.014     -766.6537968
4.887  4.189     -766.6551838
4.887  4.363     -766.6559348
4.887  4.538     -766.6562616
4.887  4.712     -766.6561037
4.887  4.887     -766.6551625
4.887  5.061     -766.6534172
4.887  5.236     -766.6510891
4.887  5.411     -766.6483993
4.887  5.585     -766.6455814
4.887  5.760     -766.6429628
4.887  5.934     -766.6408186
4.887  6.109     -766.6403939
5.061  0.000     -766.6451461
5.061  0.175     -766.6476326
5.061  0.349     -766.6497667
5.061  0.524     -766.6514580
5.061  0.698     -766.6527032
5.061  0.873     -766.6537068
5.061  1.047     -766.6542992
5.061  1.222     -766.6541790
5.061  1.396     -766.6537602
5.061  1.571     -766.6528217
5.061  1.745     -766.6513265
5.061  1.920     -766.6493253
5.061  2.094     -766.6469313
5.061  2.269     -766.6443043
5.061  2.443     -766.6417005
5.061  2.618     -766.6392477
5.061  2.793     -766.6374884
5.061  2.967     -766.6411185
5.061  3.142     -766.6444940
5.061  3.316     -766.6473048
5.061  3.491     -766.6495281
5.061  3.665     -766.6512468
5.061  3.840     -766.6527717
5.061  4.014     -766.6539604
5.061  4.189     -766.6548592
5.061  4.363     -766.6553020
5.061  4.538     -766.6551720
5.061  4.712     -766.6545983
5.061  4.887     -766.6533451
5.061  5.061     -766.6512860
5.061  5.236     -766.6485998
5.061  5.411     -766.6455184
5.061  5.585     -766.6423154
5.061  5.760     -766.6393457
5.061  5.934     -766.6384732
5.061  6.109     -766.6421710
5.236  0.000     -766.6469986
5.236  0.175     -766.6490795
5.236  0.349     -766.6508396
5.236  0.524     -766.6521026
5.236  0.698     -766.6529109
5.236  0.873     -766.6535235
5.236  1.047     -766.6536832
5.236  1.222     -766.6531684
5.236  1.396     -766.6523138
5.236  1.571     -766.6508705
5.236  1.745     -766.6489109
5.236  1.920     -766.6465426
5.236  2.094     -766.6437726
5.236  2.269     -766.6407689
5.236  2.443     -766.6377922
5.236  2.618     -766.6358498
5.236  2.793     -766.6395443
5.236  2.967     -766.6428862
5.236  3.142     -766.6458837
5.236  3.316     -766.6484345
5.236  3.491     -766.6503342
5.236  3.665     -766.6518502
5.236  3.840     -766.6529333
5.236  4.014     -766.6537218
5.236  4.189     -766.6541209
5.236  4.363     -766.6541549
5.236  4.538     -766.6536686
5.236  4.712     -766.6526351
5.236  4.887     -766.6509948
5.236  5.061     -766.6485768
5.236  5.236     -766.6455399
5.236  5.411     -766.6421022
5.236  5.585     -766.6385559
5.236  5.760     -766.6370860
5.236  5.934     -766.6410028
5.236  6.109     -766.6443581
5.411  0.000     -766.6492008
5.411  0.175     -766.6508098
5.411  0.349     -766.6520365
5.411  0.524     -766.6528340
5.411  0.698     -766.6531779
5.411  0.873     -766.6532518
5.411  1.047     -766.6528949
5.411  1.222     -766.6519889
5.411  1.396     -766.6506471
5.411  1.571     -766.6487461
5.411  1.745     -766.6463917
5.411  1.920     -766.6436104
5.411  2.094     -766.6404169
5.411  2.269     -766.6370651
5.411  2.443     -766.6352538
5.411  2.618     -766.6387659
5.411  2.793     -766.6421742
5.411  2.967     -766.6451751
5.411  3.142     -766.6477352
5.411  3.316     -766.6498388
5.411  3.491     -766.6513962
5.411  3.665     -766.6525184
5.411  3.840     -766.6531234
5.411  4.014     -766.6533568
5.411  4.189     -766.6532690
5.411  4.363     -766.6527484
5.411  4.538     -766.6518212
5.411  4.712     -766.6503955
5.411  4.887     -766.6483359
5.411  5.061     -766.6455261
5.411  5.236     -766.6421269
5.411  5.411     -766.6325302
5.411  5.585     -766.6364707
5.411  5.760     -766.6403890
5.411  5.934     -766.6439612
5.411  6.109     -766.6469542
5.585  0.000     -766.6515147
5.585  0.175     -766.6527423
5.585  0.349     -766.6534137
5.585  0.524     -766.6536588
5.585  0.698     -766.6535034
5.585  0.873     -766.6530359
5.585  1.047     -766.6521403
5.585  1.222     -766.6508246
5.585  1.396     -766.6490865
5.585  1.571     -766.6467602
5.585  1.745     -766.6439833
5.585  1.920     -766.6407832
5.585  2.094     -766.6372079
5.585  2.269     -766.6357226
5.585  2.443     -766.6388880
5.585  2.618     -766.6420828
5.585  2.793     -766.6450683
5.585  2.967     -766.6476354
5.585  3.142     -766.6497944
5.585  3.316     -766.6514662
5.585  3.491     -766.6525677
5.585  3.665     -766.6532683
5.585  3.840     -766.6533557
5.585  4.014     -766.6530318
5.585  4.189     -766.6524579
5.585  4.363     -766.6514143
5.585  4.538     -766.6499081
5.585  4.712     -766.6480704
5.585  4.887     -766.6456219
5.585  5.061     -766.6424242
5.585  5.236     -766.6386703
5.585  5.411     -766.6365275
5.585  5.585     -766.6402357
5.585  5.760     -766.6438537
5.585  5.934     -766.6470732
5.585  6.109     -766.6496724
5.760  0.000     -766.6536159
5.760  0.175     -766.6544256
5.760  0.349     -766.6547285
5.760  0.524     -766.6544554
5.760  0.698     -766.6538308
5.760  0.873     -766.6528704
5.760  1.047     -766.6515043
5.760  1.222     -766.6499077
5.760  1.396     -766.6477628
5.760  1.571     -766.6450195
5.760  1.745     -766.6418437
5.760  1.920     -766.6383643
5.760  2.094     -766.6371516
5.760  2.269     -766.6397324
5.760  2.443     -766.6425403
5.760  2.618     -766.6453721
5.760  2.793     -766.6479573
5.760  2.967     -766.6501377
5.760  3.142     -766.6518599
5.760  3.316     -766.6530528
5.760  3.491     -766.6536846
5.760  3.665     -766.6539974
5.760  3.840     -766.6535968
5.760  4.014     -766.6527735
5.760  4.189     -766.6517451
5.760  4.363     -766.6502650
5.760  4.538     -766.6483124
5.760  4.712     -766.6460095
5.760  4.887     -766.6431592
5.760  5.061     -766.6395988
5.760  5.236     -766.6372904
5.760  5.411     -766.6404599
5.760  5.585     -766.6438596
5.760  5.760     -766.6471312
5.760  5.934     -766.6499823
5.760  6.109     -766.6521961
5.934  0.000     -766.6553903
5.934  0.175     -766.6557418
5.934  0.349     -766.6556564
5.934  0.524     -766.6550311
5.934  0.698     -766.6539068
5.934  0.873     -766.6525882
5.934  1.047     -766.6509377
5.934  1.222     -766.6490838
5.934  1.396     -766.6468146
5.934  1.571     -766.6438565
5.934  1.745     -766.6403571
5.934  1.920     -766.6389480
5.934  2.094     -766.6410824
5.934  2.269     -766.6434261
5.934  2.443     -766.6458969
5.934  2.618     -766.6483615
5.934  2.793     -766.6505488
5.934  2.967     -766.6523272
5.934  3.142     -766.6536009
5.934  3.316     -766.6543037
5.934  3.491     -766.6545048
5.934  3.665     -766.6544374
5.934  3.840     -766.6536610
5.934  4.014     -766.6525402
5.934  4.189     -766.6511163
5.934  4.363     -766.6492313
5.934  4.538     -766.6469234
5.934  4.712     -766.6442760
5.934  4.887     -766.6411622
5.934  5.061     -766.6388469
5.934  5.236     -766.6411896
5.934  5.411     -766.6440159
5.934  5.585     -766.6470492
5.934  5.760     -766.6499420
5.934  5.934     -766.6524412
5.934  6.109     -766.6543249
6.109  0.000     -766.6565853
6.109  0.175     -766.6565494
6.109  0.349     -766.6560027
6.109  0.524     -766.6550759
6.109  0.698     -766.6535301
6.109  0.873     -766.6519589
6.109  1.047     -766.6502523
6.109  1.222     -766.6484541
6.109  1.396     -766.6459635
6.109  1.571     -766.6429234
6.109  1.745     -766.6411777
6.109  1.920     -766.6426170
6.109  2.094     -766.6444805
6.109  2.269     -766.6465011
6.109  2.443     -766.6486373
6.109  2.618     -766.6507705
6.109  2.793     -766.6525826
6.109  2.967     -766.6539277
6.109  3.142     -766.6547530
6.109  3.316     -766.6550871
6.109  3.491     -766.6548542
6.109  3.665     -766.6544585
6.109  3.840     -766.6534066
6.109  4.014     -766.6521257
6.109  4.189     -766.6504658
6.109  4.363     -766.6483247
6.109  4.538     -766.6457696
6.109  4.712     -766.6428913
6.109  4.887     -766.6407917
6.109  5.061     -766.6424456
6.109  5.236     -766.6444731
6.109  5.411     -766.6469316
6.109  5.585     -766.6495710
6.109  5.760     -766.6520712
6.109  5.934     -766.6542341
6.109  6.109     -766.6558078
