-180    -1609.1967857
-170    -1609.1968881
-160    -1609.1967764
-150    -1609.1964263
-140    -1609.1964672
-130    -1609.1965795
-120    -1609.1967108
-110    -1609.1969621
-100    -1609.1973765
-090    -1609.1979365
-080    -1609.1991267
-070    -1609.1983206
-060    -1609.1964709
-050    -1609.1942772
-040    -1609.1925351
-030    -1609.1906747
-020    -1609.1892690
-010    -1609.1880801
+000    -1609.1881054
+010    -1609.1890362
+020    -1609.1903710
+030    -1609.1925429
+040    -1609.1944767
+050    -1609.1965051
+060    -1609.1980580
+070    -1609.1992554
+080    -1609.1998307
+090    -1609.1996193
+100    -1609.1983347
+110    -1609.1976637
+120    -1609.1962027
+130    -1609.1961335
+140    -1609.1962318
+150    -1609.1964862
+160    -1609.1967089
+170    -1609.1967682
