3.000        135.1564535
3.500          4.4944077
3.700         -6.0028880
3.900        -10.0972747
4.000        -10.4713558
4.100        -10.0543216
4.200         -9.2545159
4.300         -8.4315795
4.400         -7.8045054
4.500         -7.3051092
4.600         -6.7292586
4.700         -6.1031558
4.800         -5.4807026
4.900         -4.8699590
5.000         -4.2706889
5.100         -3.7392880
5.200         -3.2627599
5.300         -2.9864524
5.400         -2.7644665
5.500         -2.5312434
5.600         -2.2916929
5.700         -2.0596513
5.800         -1.8461195
5.900         -1.6578712
6.000         -1.4934363
6.500         -0.8913569
7.000         -0.5375709
8.000         -0.1976738
10.000         -0.0252573
