0.000  0.000     -688.0169747
0.000  0.175     -688.0166306
0.000  0.349     -688.0157209
0.000  0.524     -688.0143483
0.000  0.698     -688.0126059
0.000  0.873     -688.0105994
0.000  1.047     -688.0085698
0.000  1.222     -688.0067786
0.000  1.396     -688.0062649
0.000  1.571     -688.0075127
0.000  1.745     -688.0085643
0.000  1.920     -688.0094422
0.000  2.094     -688.0102748
0.000  2.269     -688.0111359
0.000  2.443     -688.0120995
0.000  2.618     -688.0131104
0.000  2.793     -688.0141970
0.000  2.967     -688.0152032
0.000  3.142     -688.0159228
0.000  3.316     -688.0161091
0.000  3.491     -688.0157348
0.000  3.665     -688.0147130
0.000  3.840     -688.0132068
0.000  4.014     -688.0112729
0.000  4.189     -688.0092244
0.000  4.363     -688.0075106
0.000  4.538     -688.0072658
0.000  4.712     -688.0078475
0.000  4.887     -688.0083006
0.000  5.061     -688.0087593
0.000  5.236     -688.0096400
0.000  5.411     -688.0109911
0.000  5.585     -688.0126427
0.000  5.760     -688.0142984
0.000  5.934     -688.0156974
0.000  6.109     -688.0166326
0.175  0.000     -688.0166541
0.175  0.175     -688.0159824
0.175  0.349     -688.0147499
0.175  0.524     -688.0130749
0.175  0.698     -688.0110571
0.175  0.873     -688.0088123
0.175  1.047     -688.0066553
0.175  1.222     -688.0049658
0.175  1.396     -688.0076049
0.175  1.571     -688.0090737
0.175  1.745     -688.0101648
0.175  1.920     -688.0110054
0.175  2.094     -688.0117202
0.175  2.269     -688.0123786
0.175  2.443     -688.0130575
0.175  2.618     -688.0137575
0.175  2.793     -688.0144959
0.175  2.967     -688.0151435
0.175  3.142     -688.0155353
0.175  3.316     -688.0153892
0.175  3.491     -688.0146692
0.175  3.665     -688.0134128
0.175  3.840     -688.0115922
0.175  4.014     -688.0094640
0.175  4.189     -688.0072423
0.175  4.363     -688.0068024
0.175  4.538     -688.0081213
0.175  4.712     -688.0089914
0.175  4.887     -688.0096259
0.175  5.061     -688.0101964
0.175  5.236     -688.0111095
0.175  5.411     -688.0123494
0.175  5.585     -688.0137438
0.175  5.760     -688.0150550
0.175  5.934     -688.0160941
0.175  6.109     -688.0166635
0.349  0.000     -688.0157552
0.349  0.175     -688.0147605
0.349  0.349     -688.0132160
0.349  0.524     -688.0112551
0.349  0.698     -688.0090036
0.349  0.873     -688.0065829
0.349  1.047     -688.0043839
0.349  1.222     -688.0076928
0.349  1.396     -688.0094753
0.349  1.571     -688.0108447
0.349  1.745     -688.0117501
0.349  1.920     -688.0123617
0.349  2.094     -688.0128033
0.349  2.269     -688.0131838
0.349  2.443     -688.0135423
0.349  2.618     -688.0139439
0.349  2.793     -688.0143334
0.349  2.967     -688.0145917
0.349  3.142     -688.0146741
0.349  3.316     -688.0142334
0.349  3.491     -688.0132081
0.349  3.665     -688.0116822
0.349  3.840     -688.0095848
0.349  4.014     -688.0072355
0.349  4.189     -688.0049539
0.349  4.363     -688.0083248
0.349  4.538     -688.0095415
0.349  4.712     -688.0102837
0.349  4.887     -688.0108819
0.349  5.061     -688.0114150
0.349  5.236     -688.0122197
0.349  5.411     -688.0132286
0.349  5.585     -688.0142959
0.349  5.760     -688.0152362
0.349  5.934     -688.0159177
0.349  6.109     -688.0161156
0.524  0.000     -688.0143899
0.524  0.175     -688.0130924
0.524  0.349     -688.0112591
0.524  0.524     -688.0090283
0.524  0.698     -688.0065652
0.524  0.873     -688.0040333
0.524  1.047     -688.0077921
0.524  1.222     -688.0098736
0.524  1.396     -688.0114779
0.524  1.571     -688.0125872
0.524  1.745     -688.0132009
0.524  1.920     -688.0134844
0.524  2.094     -688.0136029
0.524  2.269     -688.0136112
0.524  2.443     -688.0136129
0.524  2.618     -688.0136701
0.524  2.793     -688.0137369
0.524  2.967     -688.0136870
0.524  3.142     -688.0134679
0.524  3.316     -688.0127062
0.524  3.491     -688.0114080
0.524  3.665     -688.0096039
0.524  3.840     -688.0072492
0.524  4.014     -688.0047467
0.524  4.189     -688.0083593
0.524  4.363     -688.0099580
0.524  4.538     -688.0110141
0.524  4.712     -688.0116023
0.524  4.887     -688.0120650
0.524  5.061     -688.0124531
0.524  5.236     -688.0130105
0.524  5.411     -688.0136939
0.524  5.585     -688.0143889
0.524  5.760     -688.0149392
0.524  5.934     -688.0152429
0.524  6.109     -688.0150843
0.698  0.000     -688.0126507
0.698  0.175     -688.0110794
0.698  0.349     -688.0090081
0.698  0.524     -688.0065554
0.698  0.698     -688.0039670
0.698  0.873     -688.0078391
0.698  1.047     -688.0101469
0.698  1.222     -688.0120268
0.698  1.396     -688.0133636
0.698  1.571     -688.0141504
0.698  1.745     -688.0144244
0.698  1.920     -688.0143419
0.698  2.094     -688.0140545
0.698  2.269     -688.0136635
0.698  2.443     -688.0133022
0.698  2.618     -688.0130477
0.698  2.793     -688.0128268
0.698  2.967     -688.0125008
0.698  3.142     -688.0120407
0.698  3.316     -688.0109888
0.698  3.491     -688.0093656
0.698  3.665     -688.0073022
0.698  3.840     -688.0047697
0.698  4.014     -688.0085006
0.698  4.189     -688.0104052
0.698  4.363     -688.0116994
0.698  4.538     -688.0124804
0.698  4.712     -688.0128341
0.698  4.887     -688.0130709
0.698  5.061     -688.0132428
0.698  5.236     -688.0134825
0.698  5.411     -688.0137889
0.698  5.585     -688.0140842
0.698  5.760     -688.0142347
0.698  5.934     -688.0141666
0.698  6.109     -688.0136673
0.873  0.000     -688.0106344
0.873  0.175     -688.0088277
0.873  0.349     -688.0065820
0.873  0.524     -688.0040192
0.873  0.698     -688.0078372
0.873  0.873     -688.0102025
0.873  1.047     -688.0122714
0.873  1.222     -688.0138996
0.873  1.396     -688.0149380
0.873  1.571     -688.0153904
0.873  1.745     -688.0153165
0.873  1.920     -688.0148429
0.873  2.094     -688.0141589
0.873  2.269     -688.0133824
0.873  2.443     -688.0126681
0.873  2.618     -688.0121297
0.873  2.793     -688.0117236
0.873  2.967     -688.0111714
0.873  3.142     -688.0104648
0.873  3.316     -688.0092302
0.873  3.491     -688.0073921
0.873  3.665     -688.0049897
0.873  3.840     -688.0084548
0.873  4.014     -688.0106867
0.873  4.189     -688.0123204
0.873  4.363     -688.0133389
0.873  4.538     -688.0137760
0.873  4.712     -688.0138998
0.873  4.887     -688.0138374
0.873  5.061     -688.0137046
0.873  5.236     -688.0136025
0.873  5.411     -688.0135440
0.873  5.585     -688.0134413
0.873  5.760     -688.0132148
0.873  5.934     -688.0127809
0.873  6.109     -688.0119536
1.047  0.000     -688.0085850
1.047  0.175     -688.0066452
1.047  0.349     -688.0043476
1.047  0.524     -688.0078030
1.047  0.698     -688.0101590
1.047  0.873     -688.0122811
1.047  1.047     -688.0140640
1.047  1.222     -688.0153933
1.047  1.396     -688.0161183
1.047  1.571     -688.0162209
1.047  1.745     -688.0157925
1.047  1.920     -688.0149330
1.047  2.094     -688.0138682
1.047  2.269     -688.0127350
1.047  2.443     -688.0117386
1.047  2.618     -688.0110131
1.047  2.793     -688.0104891
1.047  2.967     -688.0098103
1.047  3.142     -688.0088965
1.047  3.316     -688.0074961
1.047  3.491     -688.0055160
1.047  3.665     -688.0084597
1.047  3.840     -688.0106650
1.047  4.014     -688.0126493
1.047  4.189     -688.0139397
1.047  4.363     -688.0147036
1.047  4.538     -688.0148272
1.047  4.712     -688.0146388
1.047  4.887     -688.0142487
1.047  5.061     -688.0137984
1.047  5.236     -688.0133465
1.047  5.411     -688.0129348
1.047  5.585     -688.0124812
1.047  5.760     -688.0119352
1.047  5.934     -688.0112054
1.047  6.109     -688.0101134
1.222  0.000     -688.0067638
1.222  0.175     -688.0049101
1.222  0.349     -688.0077014
1.222  0.524     -688.0099057
1.222  0.698     -688.0120574
1.222  0.873     -688.0139245
1.222  1.047     -688.0154082
1.222  1.222     -688.0164179
1.222  1.396     -688.0167976
1.222  1.571     -688.0165530
1.222  1.745     -688.0157546
1.222  1.920     -688.0145285
1.222  2.094     -688.0131057
1.222  2.269     -688.0116892
1.222  2.443     -688.0105216
1.222  2.618     -688.0097431
1.222  2.793     -688.0092265
1.222  2.967     -688.0085521
1.222  3.142     -688.0076253
1.222  3.316     -688.0062194
1.222  3.491     -688.0083145
1.222  3.665     -688.0105602
1.222  3.840     -688.0125286
1.222  4.014     -688.0141982
1.222  4.189     -688.0152050
1.222  4.363     -688.0156663
1.222  4.538     -688.0155108
1.222  4.712     -688.0149952
1.222  4.887     -688.0142062
1.222  5.061     -688.0134283
1.222  5.236     -688.0126730
1.222  5.411     -688.0119615
1.222  5.585     -688.0112464
1.222  5.760     -688.0104713
1.222  5.934     -688.0095513
1.222  6.109     -688.0083196
1.396  0.000     -688.0062319
1.396  0.175     -688.0076216
1.396  0.349     -688.0095128
1.396  0.524     -688.0115278
1.396  0.698     -688.0134196
1.396  0.873     -688.0149889
1.396  1.047     -688.0161583
1.396  1.222     -688.0168386
1.396  1.396     -688.0169106
1.396  1.571     -688.0162754
1.396  1.745     -688.0151203
1.396  1.920     -688.0135486
1.396  2.094     -688.0118142
1.396  2.269     -688.0101902
1.396  2.443     -688.0089945
1.396  2.618     -688.0083248
1.396  2.793     -688.0079586
1.396  2.967     -688.0075851
1.396  3.142     -688.0070140
1.396  3.316     -688.0083505
1.396  3.491     -688.0101810
1.396  3.665     -688.0122178
1.396  3.840     -688.0139506
1.396  4.014     -688.0152758
1.396  4.189     -688.0160240
1.396  4.363     -688.0161301
1.396  4.538     -688.0157006
1.396  4.712     -688.0148434
1.396  4.887     -688.0137025
1.396  5.061     -688.0125889
1.396  5.236     -688.0115393
1.396  5.411     -688.0105706
1.396  5.585     -688.0097073
1.396  5.760     -688.0088627
1.396  5.934     -688.0079822
1.396  6.109     -688.0069176
1.571  0.000     -688.0075297
1.571  0.175     -688.0091103
1.571  0.349     -688.0108972
1.571  0.524     -688.0126516
1.571  0.698     -688.0142195
1.571  0.873     -688.0154546
1.571  1.047     -688.0162691
1.571  1.222     -688.0165967
1.571  1.396     -688.0163024
1.571  1.571     -688.0153539
1.571  1.745     -688.0138637
1.571  1.920     -688.0119909
1.571  2.094     -688.0100134
1.571  2.269     -688.0082887
1.571  2.443     -688.0071877
1.571  2.618     -688.0068176
1.571  2.793     -688.0069962
1.571  2.967     -688.0071896
1.571  3.142     -688.0081923
1.571  3.316     -688.0098626
1.571  3.491     -688.0116759
1.571  3.665     -688.0134000
1.571  3.840     -688.0148680
1.571  4.014     -688.0158226
1.571  4.189     -688.0163067
1.571  4.363     -688.0160429
1.571  4.538     -688.0153616
1.571  4.712     -688.0141270
1.571  4.887     -688.0126892
1.571  5.061     -688.0112510
1.571  5.236     -688.0099282
1.571  5.411     -688.0087927
1.571  5.585     -688.0079194
1.571  5.760     -688.0072412
1.571  5.934     -688.0067664
1.571  6.109     -688.0066050
1.745  0.000     -688.0086131
1.745  0.175     -688.0102194
1.745  0.349     -688.0118150
1.745  0.524     -688.0132743
1.745  0.698     -688.0145031
1.745  0.873     -688.0153921
1.745  1.047     -688.0158603
1.745  1.222     -688.0157990
1.745  1.396     -688.0151574
1.745  1.571     -688.0138750
1.745  1.745     -688.0120783
1.745  1.920     -688.0099770
1.745  2.094     -688.0078714
1.745  2.269     -688.0062142
1.745  2.443     -688.0053679
1.745  2.618     -688.0055640
1.745  2.793     -688.0063232
1.745  2.967     -688.0075654
1.745  3.142     -688.0092073
1.745  3.316     -688.0109730
1.745  3.491     -688.0126641
1.745  3.665     -688.0141142
1.745  3.840     -688.0152354
1.745  4.014     -688.0158885
1.745  4.189     -688.0159840
1.745  4.363     -688.0155622
1.745  4.538     -688.0145044
1.745  4.712     -688.0128951
1.745  4.887     -688.0111222
1.745  5.061     -688.0094056
1.745  5.236     -688.0078552
1.745  5.411     -688.0066414
1.745  5.585     -688.0059421
1.745  5.760     -688.0057762
1.745  5.934     -688.0061636
1.745  6.109     -688.0071869
1.920  0.000     -688.0094977
1.920  0.175     -688.0110538
1.920  0.349     -688.0124144
1.920  0.524     -688.0135511
1.920  0.698     -688.0144104
1.920  0.873     -688.0149019
1.920  1.047     -688.0149974
1.920  1.222     -688.0145802
1.920  1.396     -688.0135740
1.920  1.571     -688.0119923
1.920  1.745     -688.0099689
1.920  1.920     -688.0077173
1.920  2.094     -688.0056141
1.920  2.269     -688.0041386
1.920  2.443     -688.0038057
1.920  2.618     -688.0047681
1.920  2.793     -688.0063053
1.920  2.967     -688.0081399
1.920  3.142     -688.0100427
1.920  3.316     -688.0117677
1.920  3.491     -688.0132654
1.920  3.665     -688.0144335
1.920  3.840     -688.0151960
1.920  4.014     -688.0154481
1.920  4.189     -688.0152833
1.920  4.363     -688.0144487
1.920  4.538     -688.0131253
1.920  4.712     -688.0112650
1.920  4.887     -688.0092083
1.920  5.061     -688.0071987
1.920  5.236     -688.0055158
1.920  5.411     -688.0043535
1.920  5.585     -688.0040419
1.920  5.760     -688.0047533
1.920  5.934     -688.0061506
1.920  6.109     -688.0078271
2.094  0.000     -688.0103359
2.094  0.175     -688.0117594
2.094  0.349     -688.0128443
2.094  0.524     -688.0136430
2.094  0.698     -688.0141016
2.094  0.873     -688.0142065
2.094  1.047     -688.0139111
2.094  1.222     -688.0131419
2.094  1.396     -688.0118194
2.094  1.571     -688.0100004
2.094  1.745     -688.0078442
2.094  1.920     -688.0055946
2.094  2.094     -688.0036647
2.094  2.269     -688.0025543
2.094  2.443     -688.0029576
2.094  2.618     -688.0045982
2.094  2.793     -688.0066585
2.094  2.967     -688.0087583
2.094  3.142     -688.0107032
2.094  3.316     -688.0122985
2.094  3.491     -688.0135532
2.094  3.665     -688.0144250
2.094  3.840     -688.0148604
2.094  4.014     -688.0147841
2.094  4.189     -688.0141416
2.094  4.363     -688.0129594
2.094  4.538     -688.0114068
2.094  4.712     -688.0094013
2.094  4.887     -688.0071028
2.094  5.061     -688.0050027
2.094  5.236     -688.0032711
2.094  5.411     -688.0023370
2.094  5.585     -688.0027971
2.094  5.760     -688.0045241
2.094  5.934     -688.0066063
2.094  6.109     -688.0086052
2.269  0.000     -688.0111730
2.269  0.175     -688.0124032
2.269  0.349     -688.0132043
2.269  0.524     -688.0136354
2.269  0.698     -688.0136910
2.269  0.873     -688.0134025
2.269  1.047     -688.0127530
2.269  1.222     -688.0116912
2.269  1.396     -688.0101680
2.269  1.571     -688.0082442
2.269  1.745     -688.0061502
2.269  1.920     -688.0040716
2.269  2.094     -688.0025065
2.269  2.269     -688.0021785
2.269  2.443     -688.0032894
2.269  2.618     -688.0051945
2.269  2.793     -688.0073691
2.269  2.967     -688.0094275
2.269  3.142     -688.0112655
2.269  3.316     -688.0126869
2.269  3.491     -688.0136893
2.269  3.665     -688.0142134
2.269  3.840     -688.0142952
2.269  4.014     -688.0139023
2.269  4.189     -688.0130036
2.269  4.363     -688.0115831
2.269  4.538     -688.0096349
2.269  4.712     -688.0074527
2.269  4.887     -688.0051803
2.269  5.061     -688.0031267
2.269  5.236     -688.0015452
2.269  5.411     -688.0013880
2.269  5.585     -688.0029680
2.269  5.760     -688.0051621
2.269  5.934     -688.0074730
2.269  6.109     -688.0095344
2.443  0.000     -688.0121107
2.443  0.175     -688.0130553
2.443  0.349     -688.0135312
2.443  0.524     -688.0135990
2.443  0.698     -688.0132977
2.443  0.873     -688.0126611
2.443  1.047     -688.0117254
2.443  1.222     -688.0104953
2.443  1.396     -688.0089365
2.443  1.571     -688.0071036
2.443  1.745     -688.0052553
2.443  1.920     -688.0036884
2.443  2.094     -688.0028547
2.443  2.269     -688.0032359
2.443  2.443     -688.0045096
2.443  2.618     -688.0062327
2.443  2.793     -688.0082476
2.443  2.967     -688.0101879
2.443  3.142     -688.0118721
2.443  3.316     -688.0130814
2.443  3.491     -688.0137686
2.443  3.665     -688.0139553
2.443  3.840     -688.0136828
2.443  4.014     -688.0129562
2.443  4.189     -688.0117715
2.443  4.363     -688.0101435
2.443  4.538     -688.0081501
2.443  4.712     -688.0060303
2.443  4.887     -688.0039145
2.443  5.061     -688.0020634
2.443  5.236     -688.0013109
2.443  5.411     -688.0022226
2.443  5.585     -688.0042033
2.443  5.760     -688.0065041
2.443  5.934     -688.0087789
2.443  6.109     -688.0106939
2.618  0.000     -688.0130990
2.618  0.175     -688.0137362
2.618  0.349     -688.0139073
2.618  0.524     -688.0136308
2.618  0.698     -688.0130037
2.618  0.873     -688.0120824
2.618  1.047     -688.0109653
2.618  1.222     -688.0096845
2.618  1.396     -688.0082356
2.618  1.571     -688.0067162
2.618  1.745     -688.0054269
2.618  1.920     -688.0046326
2.618  2.094     -688.0044893
2.618  2.269     -688.0051164
2.618  2.443     -688.0061635
2.618  2.618     -688.0075825
2.618  2.793     -688.0093529
2.618  2.967     -688.0110761
2.618  3.142     -688.0125268
2.618  3.316     -688.0134986
2.618  3.491     -688.0139177
2.618  3.665     -688.0138085
2.618  3.840     -688.0131929
2.618  4.014     -688.0121333
2.618  4.189     -688.0106860
2.618  4.363     -688.0089739
2.618  4.538     -688.0070839
2.618  4.712     -688.0052141
2.618  4.887     -688.0035545
2.618  5.061     -688.0024654
2.618  5.236     -688.0026737
2.618  5.411     -688.0040447
2.618  5.585     -688.0060642
2.618  5.760     -688.0082460
2.618  5.934     -688.0103246
2.618  6.109     -688.0119727
2.793  0.000     -688.0141487
2.793  0.175     -688.0144435
2.793  0.349     -688.0142758
2.793  0.524     -688.0136764
2.793  0.698     -688.0127701
2.793  0.873     -688.0116690
2.793  1.047     -688.0104322
2.793  1.222     -688.0091668
2.793  1.396     -688.0078901
2.793  1.571     -688.0068846
2.793  1.745     -688.0062899
2.793  1.920     -688.0061922
2.793  2.094     -688.0065462
2.793  2.269     -688.0072733
2.793  2.443     -688.0081683
2.793  2.618     -688.0093242
2.793  2.793     -688.0107536
2.793  2.967     -688.0121708
2.793  3.142     -688.0133087
2.793  3.316     -688.0139765
2.793  3.491     -688.0140702
2.793  3.665     -688.0136335
2.793  3.840     -688.0127431
2.793  4.014     -688.0114640
2.793  4.189     -688.0098771
2.793  4.363     -688.0081697
2.793  4.538     -688.0064910
2.793  4.712     -688.0051253
2.793  4.887     -688.0041832
2.793  5.061     -688.0039448
2.793  5.236     -688.0046351
2.793  5.411     -688.0061764
2.793  5.585     -688.0082229
2.793  5.760     -688.0102343
2.793  5.934     -688.0119940
2.793  6.109     -688.0133591
2.967  0.000     -688.0151440
2.967  0.175     -688.0150786
2.967  0.349     -688.0145288
2.967  0.524     -688.0136175
2.967  0.698     -688.0124337
2.967  0.873     -688.0111119
2.967  1.047     -688.0097570
2.967  1.222     -688.0084987
2.967  1.396     -688.0074610
2.967  1.571     -688.0071631
2.967  1.745     -688.0074886
2.967  1.920     -688.0080362
2.967  2.094     -688.0086534
2.967  2.269     -688.0093337
2.967  2.443     -688.0101069
2.967  2.618     -688.0110395
2.967  2.793     -688.0121592
2.967  2.967     -688.0132511
2.967  3.142     -688.0140576
2.967  3.316     -688.0144010
2.967  3.491     -688.0141992
2.967  3.665     -688.0134524
2.967  3.840     -688.0122518
2.967  4.014     -688.0107297
2.967  4.189     -688.0090054
2.967  4.363     -688.0073461
2.967  4.538     -688.0060469
2.967  4.712     -688.0055236
2.967  4.887     -688.0054621
2.967  5.061     -688.0058456
2.967  5.236     -688.0068927
2.967  5.411     -688.0084922
2.967  5.585     -688.0104200
2.967  5.760     -688.0121939
2.967  5.934     -688.0136553
2.967  6.109     -688.0146729
3.142  0.000     -688.0158583
3.142  0.175     -688.0154663
3.142  0.349     -688.0145950
3.142  0.524     -688.0133943
3.142  0.698     -688.0119705
3.142  0.873     -688.0104149
3.142  1.047     -688.0088732
3.142  1.222     -688.0076200
3.142  1.396     -688.0070602
3.142  1.571     -688.0081631
3.142  1.745     -688.0091494
3.142  1.920     -688.0099638
3.142  2.094     -688.0106160
3.142  2.269     -688.0111865
3.142  2.443     -688.0118067
3.142  2.618     -688.0124955
3.142  2.793     -688.0133034
3.142  2.967     -688.0140600
3.142  3.142     -688.0145425
3.142  3.316     -688.0145505
3.142  3.491     -688.0140280
3.142  3.665     -688.0129871
3.142  3.840     -688.0115165
3.142  4.014     -688.0097659
3.142  4.189     -688.0079190
3.142  4.363     -688.0063013
3.142  4.538     -688.0057840
3.142  4.712     -688.0064726
3.142  4.887     -688.0070567
3.142  5.061     -688.0078058
3.142  5.236     -688.0090407
3.142  5.411     -688.0105697
3.142  5.585     -688.0122848
3.142  5.760     -688.0138473
3.142  5.934     -688.0151005
3.142  6.109     -688.0157602
3.316  0.000     -688.0160769
3.316  0.175     -688.0153522
3.316  0.349     -688.0141910
3.316  0.524     -688.0126622
3.316  0.698     -688.0109424
3.316  0.873     -688.0092018
3.316  1.047     -688.0074859
3.316  1.222     -688.0062722
3.316  1.396     -688.0083616
3.316  1.571     -688.0098354
3.316  1.745     -688.0109245
3.316  1.920     -688.0116920
3.316  2.094     -688.0122254
3.316  2.269     -688.0126248
3.316  2.443     -688.0130406
3.316  2.618     -688.0134874
3.316  2.793     -688.0139909
3.316  2.967     -688.0144201
3.316  3.142     -688.0145693
3.316  3.316     -688.0142811
3.316  3.491     -688.0134551
3.316  3.665     -688.0121132
3.316  3.840     -688.0103663
3.316  4.014     -688.0083681
3.316  4.189     -688.0063810
3.316  4.363     -688.0048363
3.316  4.538     -688.0069866
3.316  4.712     -688.0079774
3.316  4.887     -688.0088162
3.316  5.061     -688.0097000
3.316  5.236     -688.0109482
3.316  5.411     -688.0123512
3.316  5.585     -688.0137174
3.316  5.760     -688.0149578
3.316  5.934     -688.0159257
3.316  6.109     -688.0162509
3.491  0.000     -688.0157533
3.491  0.175     -688.0146447
3.491  0.349     -688.0131936
3.491  0.524     -688.0114009
3.491  0.698     -688.0093509
3.491  0.873     -688.0073899
3.491  1.047     -688.0055512
3.491  1.222     -688.0083029
3.491  1.396     -688.0101614
3.491  1.571     -688.0116474
3.491  1.745     -688.0126179
3.491  1.920     -688.0132079
3.491  2.094     -688.0135016
3.491  2.269     -688.0136365
3.491  2.443     -688.0137611
3.491  2.618     -688.0139254
3.491  2.793     -688.0141059
3.491  2.967     -688.0142415
3.491  3.142     -688.0140619
3.491  3.316     -688.0134762
3.491  3.491     -688.0123578
3.491  3.665     -688.0107195
3.491  3.840     -688.0087054
3.491  4.014     -688.0064746
3.491  4.189     -688.0043591
3.491  4.363     -688.0072990
3.491  4.538     -688.0087012
3.491  4.712     -688.0096817
3.491  4.887     -688.0105049
3.491  5.061     -688.0113265
3.491  5.236     -688.0124167
3.491  5.411     -688.0135960
3.491  5.585     -688.0146139
3.491  5.760     -688.0155983
3.491  5.934     -688.0161429
3.491  6.109     -688.0162007
3.665  0.000     -688.0147393
3.665  0.175     -688.0134216
3.665  0.349     -688.0116894
3.665  0.524     -688.0096030
3.665  0.698     -688.0072980
3.665  0.873     -688.0050253
3.665  1.047     -688.0084477
3.665  1.222     -688.0105411
3.665  1.396     -688.0121735
3.665  1.571     -688.0133479
3.665  1.745     -688.0140537
3.665  1.920     -688.0143840
3.665  2.094     -688.0143788
3.665  2.269     -688.0141945
3.665  2.443     -688.0139703
3.665  2.618     -688.0138336
3.665  2.793     -688.0136790
3.665  2.967     -688.0135120
3.665  3.142     -688.0130384
3.665  3.316     -688.0121485
3.665  3.491     -688.0107348
3.665  3.665     -688.0088113
3.665  3.840     -688.0065089
3.665  4.014     -688.0040602
3.665  4.189     -688.0075717
3.665  4.363     -688.0092734
3.665  4.538     -688.0105072
3.665  4.712     -688.0113330
3.665  4.887     -688.0119980
3.665  5.061     -688.0126234
3.665  5.236     -688.0134214
3.665  5.411     -688.0142793
3.665  5.585     -688.0150424
3.665  5.760     -688.0155501
3.665  5.934     -688.0157889
3.665  6.109     -688.0154903
3.840  0.000     -688.0132289
3.840  0.175     -688.0116059
3.840  0.349     -688.0095761
3.840  0.524     -688.0072426
3.840  0.698     -688.0047729
3.840  0.873     -688.0084496
3.840  1.047     -688.0106556
3.840  1.222     -688.0125098
3.840  1.396     -688.0139296
3.840  1.571     -688.0148231
3.840  1.745     -688.0151779
3.840  1.920     -688.0151453
3.840  2.094     -688.0148271
3.840  2.269     -688.0142871
3.840  2.443     -688.0136989
3.840  2.618     -688.0132411
3.840  2.793     -688.0127976
3.840  2.967     -688.0123202
3.840  3.142     -688.0115741
3.840  3.316     -688.0104092
3.840  3.491     -688.0087222
3.840  3.665     -688.0065110
3.840  3.840     -688.0039348
3.840  4.014     -688.0077040
3.840  4.189     -688.0097095
3.840  4.363     -688.0111665
3.840  4.538     -688.0121404
3.840  4.712     -688.0127178
3.840  4.887     -688.0131211
3.840  5.061     -688.0135018
3.840  5.236     -688.0139469
3.840  5.411     -688.0144690
3.840  5.585     -688.0148981
3.840  5.760     -688.0150649
3.840  5.934     -688.0149215
3.840  6.109     -688.0143476
4.014  0.000     -688.0113198
4.014  0.175     -688.0094842
4.014  0.349     -688.0072436
4.014  0.524     -688.0047519
4.014  0.698     -688.0084987
4.014  0.873     -688.0106921
4.014  1.047     -688.0126464
4.014  1.222     -688.0141810
4.014  1.396     -688.0152610
4.014  1.571     -688.0157808
4.014  1.745     -688.0158475
4.014  1.920     -688.0154113
4.014  2.094     -688.0147686
4.014  2.269     -688.0138930
4.014  2.443     -688.0129737
4.014  2.618     -688.0121888
4.014  2.793     -688.0115295
4.014  2.967     -688.0107998
4.014  3.142     -688.0098198
4.014  3.316     -688.0084022
4.014  3.491     -688.0064824
4.014  3.665     -688.0040483
4.014  3.840     -688.0077049
4.014  4.014     -688.0098573
4.014  4.189     -688.0115670
4.014  4.363     -688.0127487
4.014  4.538     -688.0134398
4.014  4.712     -688.0137398
4.014  4.887     -688.0138224
4.014  5.061     -688.0139193
4.014  5.236     -688.0140115
4.014  5.411     -688.0141835
4.014  5.585     -688.0142635
4.014  5.760     -688.0141153
4.014  5.934     -688.0136193
4.014  6.109     -688.0126916
4.189  0.000     -688.0092379
4.189  0.175     -688.0072337
4.189  0.349     -688.0049208
4.189  0.524     -688.0083569
4.189  0.698     -688.0104089
4.189  0.873     -688.0123374
4.189  1.047     -688.0139582
4.189  1.222     -688.0152113
4.189  1.396     -688.0160212
4.189  1.571     -688.0162881
4.189  1.745     -688.0159745
4.189  1.920     -688.0152090
4.189  2.094     -688.0141503
4.189  2.269     -688.0130116
4.189  2.443     -688.0118004
4.189  2.618     -688.0107488
4.189  2.793     -688.0099456
4.189  2.967     -688.0090725
4.189  3.142     -688.0079610
4.189  3.316     -688.0063944
4.189  3.491     -688.0043346
4.189  3.665     -688.0075851
4.189  3.840     -688.0097266
4.189  4.014     -688.0115808
4.189  4.189     -688.0130043
4.189  4.363     -688.0138914
4.189  4.538     -688.0142748
4.189  4.712     -688.0142818
4.189  4.887     -688.0140433
4.189  5.061     -688.0138191
4.189  5.236     -688.0135998
4.189  5.411     -688.0134375
4.189  5.585     -688.0132087
4.189  5.760     -688.0127924
4.189  5.934     -688.0120460
4.189  6.109     -688.0108927
4.363  0.000     -688.0075044
4.363  0.175     -688.0056900
4.363  0.349     -688.0083295
4.363  0.524     -688.0099885
4.363  0.698     -688.0117325
4.363  0.873     -688.0133768
4.363  1.047     -688.0147368
4.363  1.222     -688.0156988
4.363  1.396     -688.0161417
4.363  1.571     -688.0160634
4.363  1.745     -688.0155453
4.363  1.920     -688.0143746
4.363  2.094     -688.0129564
4.363  2.269     -688.0115992
4.363  2.443     -688.0101918
4.363  2.618     -688.0090457
4.363  2.793     -688.0082422
4.363  2.967     -688.0074020
4.363  3.142     -688.0063081
4.363  3.316     -688.0047951
4.363  3.491     -688.0073171
4.363  3.665     -688.0093076
4.363  3.840     -688.0112033
4.363  4.014     -688.0127776
4.363  4.189     -688.0139079
4.363  4.363     -688.0145056
4.363  4.538     -688.0145748
4.363  4.712     -688.0142589
4.363  4.887     -688.0137219
4.363  5.061     -688.0131873
4.363  5.236     -688.0127027
4.363  5.411     -688.0122591
4.363  5.585     -688.0117922
4.363  5.760     -688.0111653
4.363  5.934     -688.0102723
4.363  6.109     -688.0090819
4.538  0.000     -688.0072411
4.538  0.175     -688.0081465
4.538  0.349     -688.0095684
4.538  0.524     -688.0110672
4.538  0.698     -688.0125459
4.538  0.873     -688.0138486
4.538  1.047     -688.0148970
4.538  1.222     -688.0155705
4.538  1.396     -688.0157529
4.538  1.571     -688.0154076
4.538  1.745     -688.0145257
4.538  1.920     -688.0130910
4.538  2.094     -688.0113747
4.538  2.269     -688.0096845
4.538  2.443     -688.0082150
4.538  2.618     -688.0071640
4.538  2.793     -688.0065727
4.538  2.967     -688.0060905
4.538  3.142     -688.0057745
4.538  3.316     -688.0070081
4.538  3.491     -688.0087427
4.538  3.665     -688.0105529
4.538  3.840     -688.0121863
4.538  4.014     -688.0134760
4.538  4.189     -688.0143008
4.538  4.363     -688.0145855
4.538  4.538     -688.0143513
4.538  4.712     -688.0136973
4.538  4.887     -688.0128385
4.538  5.061     -688.0120073
4.538  5.236     -688.0113115
4.538  5.411     -688.0106823
4.538  5.585     -688.0100860
4.538  5.760     -688.0093941
4.538  5.934     -688.0085420
4.538  6.109     -688.0076069
4.712  0.000     -688.0079032
4.712  0.175     -688.0090322
4.712  0.349     -688.0103275
4.712  0.524     -688.0116560
4.712  0.698     -688.0128976
4.712  0.873     -688.0139638
4.712  1.047     -688.0147031
4.712  1.222     -688.0150520
4.712  1.396     -688.0148871
4.712  1.571     -688.0141514
4.712  1.745     -688.0129191
4.712  1.920     -688.0112719
4.712  2.094     -688.0094033
4.712  2.269     -688.0074403
4.712  2.443     -688.0061030
4.712  2.618     -688.0053178
4.712  2.793     -688.0052197
4.712  2.967     -688.0055840
4.712  3.142     -688.0065262
4.712  3.316     -688.0080259
4.712  3.491     -688.0097371
4.712  3.665     -688.0113867
4.712  3.840     -688.0127666
4.712  4.014     -688.0137830
4.712  4.189     -688.0143056
4.712  4.363     -688.0142646
4.712  4.538     -688.0136951
4.712  4.712     -688.0127138
4.712  4.887     -688.0115253
4.712  5.061     -688.0103964
4.712  5.236     -688.0094994
4.712  5.411     -688.0087330
4.712  5.585     -688.0080796
4.712  5.760     -688.0075254
4.712  5.934     -688.0071445
4.712  6.109     -688.0071741
4.887  0.000     -688.0083704
4.887  0.175     -688.0096804
4.887  0.349     -688.0109402
4.887  0.524     -688.0121178
4.887  0.698     -688.0131227
4.887  0.873     -688.0138905
4.887  1.047     -688.0142932
4.887  1.222     -688.0142479
4.887  1.396     -688.0137350
4.887  1.571     -688.0127021
4.887  1.745     -688.0111226
4.887  1.920     -688.0092214
4.887  2.094     -688.0071263
4.887  2.269     -688.0052015
4.887  2.443     -688.0039808
4.887  2.618     -688.0036715
4.887  2.793     -688.0043022
4.887  2.967     -688.0055551
4.887  3.142     -688.0071341
4.887  3.316     -688.0088762
4.887  3.491     -688.0105570
4.887  3.665     -688.0120397
4.887  3.840     -688.0131478
4.887  4.014     -688.0138398
4.887  4.189     -688.0140506
4.887  4.363     -688.0137115
4.887  4.538     -688.0128153
4.887  4.712     -688.0115042
4.887  4.887     -688.0099889
4.887  5.061     -688.0085655
4.887  5.236     -688.0074933
4.887  5.411     -688.0065904
4.887  5.585     -688.0060029
4.887  5.760     -688.0058600
4.887  5.934     -688.0063160
4.887  6.109     -688.0071339
5.061  0.000     -688.0088285
5.061  0.175     -688.0102404
5.061  0.349     -688.0114534
5.061  0.524     -688.0124840
5.061  0.698     -688.0132746
5.061  0.873     -688.0137340
5.061  1.047     -688.0138209
5.061  1.222     -688.0134398
5.061  1.396     -688.0125874
5.061  1.571     -688.0112355
5.061  1.745     -688.0093723
5.061  1.920     -688.0071719
5.061  2.094     -688.0049968
5.061  2.269     -688.0031598
5.061  2.443     -688.0021448
5.061  2.618     -688.0025867
5.061  2.793     -688.0040562
5.061  2.967     -688.0059368
5.061  3.142     -688.0078658
5.061  3.316     -688.0097403
5.061  3.491     -688.0113537
5.061  3.665     -688.0126430
5.061  3.840     -688.0135069
5.061  4.014     -688.0139096
5.061  4.189     -688.0137947
5.061  4.363     -688.0131450
5.061  4.538     -688.0119494
5.061  4.712     -688.0103350
5.061  4.887     -688.0085140
5.061  5.061     -688.0067486
5.061  5.236     -688.0054984
5.061  5.411     -688.0044179
5.061  5.585     -688.0042050
5.061  5.760     -688.0046145
5.061  5.934     -688.0057778
5.061  6.109     -688.0072533
5.236  0.000     -688.0096765
5.236  0.175     -688.0111195
5.236  0.349     -688.0122237
5.236  0.524     -688.0130081
5.236  0.698     -688.0134823
5.236  0.873     -688.0136008
5.236  1.047     -688.0133436
5.236  1.222     -688.0126597
5.236  1.396     -688.0115154
5.236  1.571     -688.0098842
5.236  1.745     -688.0077945
5.236  1.920     -688.0054515
5.236  2.094     -688.0032219
5.236  2.269     -688.0015408
5.236  2.443     -688.0013643
5.236  2.618     -688.0027370
5.236  2.793     -688.0047334
5.236  2.967     -688.0069491
5.236  3.142     -688.0090752
5.236  3.316     -688.0109614
5.236  3.491     -688.0124090
5.236  3.665     -688.0134007
5.236  3.840     -688.0139217
5.236  4.014     -688.0139711
5.236  4.189     -688.0135684
5.236  4.363     -688.0126559
5.236  4.538     -688.0112434
5.236  4.712     -688.0094199
5.236  4.887     -688.0074118
5.236  5.061     -688.0054424
5.236  5.236     -688.0037100
5.236  5.411     -688.0027316
5.236  5.585     -688.0028801
5.236  5.760     -688.0041305
5.236  5.934     -688.0059688
5.236  6.109     -688.0078951
5.411  0.000     -688.0110009
5.411  0.175     -688.0123344
5.411  0.349     -688.0131982
5.411  0.524     -688.0136610
5.411  0.698     -688.0137655
5.411  0.873     -688.0135203
5.411  1.047     -688.0129098
5.411  1.222     -688.0119223
5.411  1.396     -688.0105183
5.411  1.571     -688.0087155
5.411  1.745     -688.0065424
5.411  1.920     -688.0042496
5.411  2.094     -688.0022389
5.411  2.269     -688.0013307
5.411  2.443     -688.0022185
5.411  2.618     -688.0040655
5.411  2.793     -688.0062073
5.411  2.967     -688.0085621
5.411  3.142     -688.0105781
5.411  3.316     -688.0123572
5.411  3.491     -688.0135670
5.411  3.665     -688.0142408
5.411  3.840     -688.0144178
5.411  4.014     -688.0141168
5.411  4.189     -688.0133785
5.411  4.363     -688.0121919
5.411  4.538     -688.0105958
5.411  4.712     -688.0086372
5.411  4.887     -688.0064841
5.411  5.061     -688.0043217
5.411  5.236     -688.0026857
5.411  5.411     -688.0020876
5.411  5.585     -688.0030985
5.411  5.760     -688.0049562
5.411  5.934     -688.0071281
5.411  6.109     -688.0091979
5.585  0.000     -688.0126258
5.585  0.175     -688.0137042
5.585  0.349     -688.0142481
5.585  0.524     -688.0143318
5.585  0.698     -688.0140301
5.585  0.873     -688.0133909
5.585  1.047     -688.0124328
5.585  1.222     -688.0111972
5.585  1.396     -688.0096417
5.585  1.571     -688.0078333
5.585  1.745     -688.0058285
5.585  1.920     -688.0039055
5.585  2.094     -688.0026628
5.585  2.269     -688.0028794
5.585  2.443     -688.0041645
5.585  2.618     -688.0060608
5.585  2.793     -688.0082259
5.585  2.967     -688.0104335
5.585  3.142     -688.0122434
5.585  3.316     -688.0136559
5.585  3.491     -688.0145942
5.585  3.665     -688.0150025
5.585  3.840     -688.0148303
5.585  4.014     -688.0141740
5.585  4.189     -688.0131180
5.585  4.363     -688.0117180
5.585  4.538     -688.0099928
5.585  4.712     -688.0079609
5.585  4.887     -688.0058995
5.585  5.061     -688.0040791
5.585  5.236     -688.0027808
5.585  5.411     -688.0030575
5.585  5.585     -688.0045720
5.585  5.760     -688.0066856
5.585  5.934     -688.0089441
5.585  6.109     -688.0109901
5.760  0.000     -688.0142618
5.760  0.175     -688.0150042
5.760  0.349     -688.0151721
5.760  0.524     -688.0148698
5.760  0.698     -688.0141774
5.760  0.873     -688.0131576
5.760  1.047     -688.0118771
5.760  1.222     -688.0104155
5.760  1.396     -688.0088076
5.760  1.571     -688.0071661
5.760  1.745     -688.0056677
5.760  1.920     -688.0046205
5.760  2.094     -688.0043948
5.760  2.269     -688.0050738
5.760  2.443     -688.0064501
5.760  2.618     -688.0082282
5.760  2.793     -688.0102475
5.760  2.967     -688.0122025
5.760  3.142     -688.0138337
5.760  3.316     -688.0149125
5.760  3.491     -688.0155254
5.760  3.665     -688.0154751
5.760  3.840     -688.0149928
5.760  4.014     -688.0140404
5.760  4.189     -688.0127100
5.760  4.363     -688.0110941
5.760  4.538     -688.0093151
5.760  4.712     -688.0074249
5.760  4.887     -688.0057271
5.760  5.061     -688.0044650
5.760  5.236     -688.0040178
5.760  5.411     -688.0049072
5.760  5.585     -688.0066682
5.760  5.760     -688.0088851
5.760  5.934     -688.0110604
5.760  6.109     -688.0129234
5.934  0.000     -688.0156611
5.934  0.175     -688.0160428
5.934  0.349     -688.0158449
5.934  0.524     -688.0151734
5.934  0.698     -688.0140968
5.934  0.873     -688.0127173
5.934  1.047     -688.0111527
5.934  1.222     -688.0095110
5.934  1.396     -688.0079483
5.934  1.571     -688.0067256
5.934  1.745     -688.0060868
5.934  1.920     -688.0060399
5.934  2.094     -688.0064938
5.934  2.269     -688.0073928
5.934  2.443     -688.0087329
5.934  2.618     -688.0103081
5.934  2.793     -688.0119973
5.934  2.967     -688.0136768
5.934  3.142     -688.0151102
5.934  3.316     -688.0158791
5.934  3.491     -688.0161107
5.934  3.665     -688.0157380
5.934  3.840     -688.0148594
5.934  4.014     -688.0135560
5.934  4.189     -688.0119761
5.934  4.363     -688.0102011
5.934  4.538     -688.0084936
5.934  4.712     -688.0070886
5.934  4.887     -688.0062028
5.934  5.061     -688.0056561
5.934  5.236     -688.0058835
5.934  5.411     -688.0070762
5.934  5.585     -688.0089406
5.934  5.760     -688.0110675
5.934  5.934     -688.0130439
5.934  6.109     -688.0146483
6.109  0.000     -688.0166098
6.109  0.175     -688.0166167
6.109  0.349     -688.0160609
6.109  0.524     -688.0150273
6.109  0.698     -688.0136089
6.109  0.873     -688.0119037
6.109  1.047     -688.0100790
6.109  1.222     -688.0083068
6.109  1.396     -688.0069272
6.109  1.571     -688.0066010
6.109  1.745     -688.0071349
6.109  1.920     -688.0077536
6.109  2.094     -688.0085216
6.109  2.269     -688.0094763
6.109  2.443     -688.0106646
6.109  2.618     -688.0119719
6.109  2.793     -688.0133833
6.109  2.967     -688.0147027
6.109  3.142     -688.0157723
6.109  3.316     -688.0162674
6.109  3.491     -688.0161845
6.109  3.665     -688.0154538
6.109  3.840     -688.0142770
6.109  4.014     -688.0126095
6.109  4.189     -688.0108483
6.109  4.363     -688.0090355
6.109  4.538     -688.0076045
6.109  4.712     -688.0071355
6.109  4.887     -688.0070607
6.109  5.061     -688.0071579
6.109  5.236     -688.0078300
6.109  5.411     -688.0091685
6.109  5.585     -688.0109981
6.109  5.760     -688.0129409
6.109  5.934     -688.0146590
6.109  6.109     -688.0159252
