0.000  0.000     -686.2044938
0.000  0.175     -686.2038340
0.000  0.349     -686.2025627
0.000  0.524     -686.2009355
0.000  0.698     -686.1989528
0.000  0.873     -686.1967970
0.000  1.047     -686.1947361
0.000  1.222     -686.1929933
0.000  1.396     -686.1924104
0.000  1.571     -686.1942649
0.000  1.745     -686.1959337
0.000  1.920     -686.1974468
0.000  2.094     -686.1989235
0.000  2.269     -686.2003136
0.000  2.443     -686.2014863
0.000  2.618     -686.2022924
0.000  2.793     -686.2030451
0.000  2.967     -686.2035454
0.000  3.142     -686.2037614
0.000  3.316     -686.2035846
0.000  3.491     -686.2028423
0.000  3.665     -686.2016070
0.000  3.840     -686.1999469
0.000  4.014     -686.1979252
0.000  4.189     -686.1958628
0.000  4.363     -686.1939709
0.000  4.538     -686.1941848
0.000  4.712     -686.1953742
0.000  4.887     -686.1964115
0.000  5.061     -686.1975063
0.000  5.236     -686.1987896
0.000  5.411     -686.2003542
0.000  5.585     -686.2018665
0.000  5.760     -686.2032149
0.000  5.934     -686.2041654
0.000  6.109     -686.2045945
0.175  0.000     -686.2038643
0.175  0.175     -686.2028577
0.175  0.349     -686.2013153
0.175  0.524     -686.1992988
0.175  0.698     -686.1970540
0.175  0.873     -686.1946634
0.175  1.047     -686.1924521
0.175  1.222     -686.1906624
0.175  1.396     -686.1938755
0.175  1.571     -686.1958437
0.175  1.745     -686.1974656
0.175  1.920     -686.1989015
0.175  2.094     -686.2001227
0.175  2.269     -686.2012135
0.175  2.443     -686.2020799
0.175  2.618     -686.2027205
0.175  2.793     -686.2030447
0.175  2.967     -686.2032412
0.175  3.142     -686.2031690
0.175  3.316     -686.2026828
0.175  3.491     -686.2016865
0.175  3.665     -686.2001168
0.175  3.840     -686.1981172
0.175  4.014     -686.1957845
0.175  4.189     -686.1935582
0.175  4.363     -686.1933841
0.175  4.538     -686.1951431
0.175  4.712     -686.1964721
0.175  4.887     -686.1976402
0.175  5.061     -686.1987599
0.175  5.236     -686.2000157
0.175  5.411     -686.2013662
0.175  5.585     -686.2026503
0.175  5.760     -686.2035841
0.175  5.934     -686.2042112
0.175  6.109     -686.2043195
0.349  0.000     -686.2026098
0.349  0.175     -686.2013438
0.349  0.349     -686.1995142
0.349  0.524     -686.1972201
0.349  0.698     -686.1946952
0.349  0.873     -686.1921211
0.349  1.047     -686.1898090
0.349  1.222     -686.1936155
0.349  1.396     -686.1957204
0.349  1.571     -686.1975290
0.349  1.745     -686.1990001
0.349  1.920     -686.2001951
0.349  2.094     -686.2011331
0.349  2.269     -686.2018236
0.349  2.443     -686.2023741
0.349  2.618     -686.2026392
0.349  2.793     -686.2026738
0.349  2.967     -686.2025435
0.349  3.142     -686.2021506
0.349  3.316     -686.2013196
0.349  3.491     -686.1999776
0.349  3.665     -686.1981250
0.349  3.840     -686.1958701
0.349  4.014     -686.1933043
0.349  4.189     -686.1908522
0.349  4.363     -686.1948557
0.349  4.538     -686.1964997
0.349  4.712     -686.1977883
0.349  4.887     -686.1988431
0.349  5.061     -686.1999041
0.349  5.236     -686.2010033
0.349  5.411     -686.2020050
0.349  5.585     -686.2028872
0.349  5.760     -686.2034793
0.349  5.934     -686.2037038
0.349  6.109     -686.2034316
0.524  0.000     -686.2009938
0.524  0.175     -686.1993686
0.524  0.349     -686.1971796
0.524  0.524     -686.1946871
0.524  0.698     -686.1919604
0.524  0.873     -686.1892443
0.524  1.047     -686.1934489
0.524  1.222     -686.1958199
0.524  1.396     -686.1978378
0.524  1.571     -686.1993642
0.524  1.745     -686.2005250
0.524  1.920     -686.2013989
0.524  2.094     -686.2018616
0.524  2.269     -686.2021748
0.524  2.443     -686.2022755
0.524  2.618     -686.2021999
0.524  2.793     -686.2019194
0.524  2.967     -686.2014495
0.524  3.142     -686.2006664
0.524  3.316     -686.1996099
0.524  3.491     -686.1980044
0.524  3.665     -686.1958747
0.524  3.840     -686.1932246
0.524  4.014     -686.1904297
0.524  4.189     -686.1946865
0.524  4.363     -686.1965800
0.524  4.538     -686.1981031
0.524  4.712     -686.1991808
0.524  4.887     -686.2001029
0.524  5.061     -686.2009227
0.524  5.236     -686.2016462
0.524  5.411     -686.2023170
0.524  5.585     -686.2027775
0.524  5.760     -686.2029504
0.524  5.934     -686.2027074
0.524  6.109     -686.2021029
0.698  0.000     -686.1990129
0.698  0.175     -686.1970209
0.698  0.349     -686.1946521
0.698  0.524     -686.1919614
0.698  0.698     -686.1890489
0.698  0.873     -686.1933776
0.698  1.047     -686.1959833
0.698  1.222     -686.1981237
0.698  1.396     -686.1998910
0.698  1.571     -686.2011027
0.698  1.745     -686.2019094
0.698  1.920     -686.2023155
0.698  2.094     -686.2024275
0.698  2.269     -686.2022806
0.698  2.443     -686.2019176
0.698  2.618     -686.2014317
0.698  2.793     -686.2008251
0.698  2.967     -686.2001002
0.698  3.142     -686.1990442
0.698  3.316     -686.1976748
0.698  3.491     -686.1957483
0.698  3.665     -686.1933020
0.698  3.840     -686.1905365
0.698  4.014     -686.1946281
0.698  4.189     -686.1968376
0.698  4.363     -686.1984936
0.698  4.538     -686.1997273
0.698  4.712     -686.2006029
0.698  4.887     -686.2011808
0.698  5.061     -686.2017423
0.698  5.236     -686.2021008
0.698  5.411     -686.2023185
0.698  5.585     -686.2023103
0.698  5.760     -686.2020619
0.698  5.934     -686.2014407
0.698  6.109     -686.2004735
0.873  0.000     -686.1968217
0.873  0.175     -686.1946546
0.873  0.349     -686.1921192
0.873  0.524     -686.1892130
0.873  0.698     -686.1933612
0.873  0.873     -686.1960418
0.873  1.047     -686.1983679
0.873  1.222     -686.2002723
0.873  1.396     -686.2017008
0.873  1.571     -686.2025951
0.873  1.745     -686.2029589
0.873  1.920     -686.2030421
0.873  2.094     -686.2026431
0.873  2.269     -686.2020726
0.873  2.443     -686.2013309
0.873  2.618     -686.2004418
0.873  2.793     -686.1995413
0.873  2.967     -686.1986068
0.873  3.142     -686.1973941
0.873  3.316     -686.1957295
0.873  3.491     -686.1935560
0.873  3.665     -686.1908983
0.873  3.840     -686.1945899
0.873  4.014     -686.1970233
0.873  4.189     -686.1989112
0.873  4.363     -686.2003263
0.873  4.538     -686.2012263
0.873  4.712     -686.2018198
0.873  4.887     -686.2021548
0.873  5.061     -686.2022987
0.873  5.236     -686.2022645
0.873  5.411     -686.2020553
0.873  5.585     -686.2016216
0.873  5.760     -686.2008703
0.873  5.934     -686.1998766
0.873  6.109     -686.1985950
1.047  0.000     -686.1947371
1.047  0.175     -686.1924264
1.047  0.349     -686.1897581
1.047  0.524     -686.1934443
1.047  0.698     -686.1959738
1.047  0.873     -686.1984340
1.047  1.047     -686.2005122
1.047  1.222     -686.2020925
1.047  1.396     -686.2031881
1.047  1.571     -686.2037295
1.047  1.745     -686.2037565
1.047  1.920     -686.2033881
1.047  2.094     -686.2026284
1.047  2.269     -686.2015669
1.047  2.443     -686.2004605
1.047  2.618     -686.1994191
1.047  2.793     -686.1983275
1.047  2.967     -686.1971522
1.047  3.142     -686.1957381
1.047  3.316     -686.1939053
1.047  3.491     -686.1915271
1.047  3.665     -686.1946523
1.047  3.840     -686.1970708
1.047  4.014     -686.1991975
1.047  4.189     -686.2008000
1.047  4.363     -686.2018939
1.047  4.538     -686.2024653
1.047  4.712     -686.2027552
1.047  4.887     -686.2027569
1.047  5.061     -686.2025977
1.047  5.236     -686.2021929
1.047  5.411     -686.2015004
1.047  5.585     -686.2006647
1.047  5.760     -686.1995161
1.047  5.934     -686.1982538
1.047  6.109     -686.1967186
1.222  0.000     -686.1929018
1.222  0.175     -686.1905262
1.222  0.349     -686.1935821
1.222  0.524     -686.1958526
1.222  0.698     -686.1981836
1.222  0.873     -686.2003224
1.222  1.047     -686.2021307
1.222  1.222     -686.2034438
1.222  1.396     -686.2042228
1.222  1.571     -686.2043822
1.222  1.745     -686.2040952
1.222  1.920     -686.2033167
1.222  2.094     -686.2021410
1.222  2.269     -686.2007522
1.222  2.443     -686.1994000
1.222  2.618     -686.1981748
1.222  2.793     -686.1970447
1.222  2.967     -686.1958585
1.222  3.142     -686.1943483
1.222  3.316     -686.1924613
1.222  3.491     -686.1947100
1.222  3.665     -686.1969315
1.222  3.840     -686.1991367
1.222  4.014     -686.2010233
1.222  4.189     -686.2023381
1.222  4.363     -686.2030918
1.222  4.538     -686.2034039
1.222  4.712     -686.2032978
1.222  4.887     -686.2029977
1.222  5.061     -686.2024852
1.222  5.236     -686.2017144
1.222  5.411     -686.2006960
1.222  5.585     -686.1995451
1.222  5.760     -686.1981584
1.222  5.934     -686.1966424
1.222  6.109     -686.1948987
1.396  0.000     -686.1924076
1.396  0.175     -686.1939132
1.396  0.349     -686.1957613
1.396  0.524     -686.1978614
1.396  0.698     -686.1999314
1.396  0.873     -686.2017536
1.396  1.047     -686.2032073
1.396  1.222     -686.2042223
1.396  1.396     -686.2046497
1.396  1.571     -686.2044496
1.396  1.745     -686.2038818
1.396  1.920     -686.2026802
1.396  2.094     -686.2012518
1.396  2.269     -686.1995779
1.396  2.443     -686.1981648
1.396  2.618     -686.1969113
1.396  2.793     -686.1959692
1.396  2.967     -686.1948080
1.396  3.142     -686.1935543
1.396  3.316     -686.1948856
1.396  3.491     -686.1968358
1.396  3.665     -686.1989732
1.396  3.840     -686.2008142
1.396  4.014     -686.2023763
1.396  4.189     -686.2033651
1.396  4.363     -686.2038160
1.396  4.538     -686.2037774
1.396  4.712     -686.2034043
1.396  4.887     -686.2027232
1.396  5.061     -686.2019013
1.396  5.236     -686.2009122
1.396  5.411     -686.1996095
1.396  5.585     -686.1982437
1.396  5.760     -686.1967091
1.396  5.934     -686.1951320
1.396  6.109     -686.1934897
1.571  0.000     -686.1942858
1.571  0.175     -686.1958312
1.571  0.349     -686.1976358
1.571  0.524     -686.1994284
1.571  0.698     -686.2012021
1.571  0.873     -686.2026745
1.571  1.047     -686.2037819
1.571  1.222     -686.2043785
1.571  1.396     -686.2045150
1.571  1.571     -686.2040116
1.571  1.745     -686.2030065
1.571  1.920     -686.2015273
1.571  2.094     -686.1998206
1.571  2.269     -686.1980605
1.571  2.443     -686.1967150
1.571  2.618     -686.1957421
1.571  2.793     -686.1951195
1.571  2.967     -686.1947062
1.571  3.142     -686.1952613
1.571  3.316     -686.1967981
1.571  3.491     -686.1986118
1.571  3.665     -686.2004547
1.571  3.840     -686.2020404
1.571  4.014     -686.2031491
1.571  4.189     -686.2038203
1.571  4.363     -686.2040190
1.571  4.538     -686.2036364
1.571  4.712     -686.2029501
1.571  4.887     -686.2019820
1.571  5.061     -686.2009071
1.571  5.236     -686.1996530
1.571  5.411     -686.1982435
1.571  5.585     -686.1968072
1.571  5.760     -686.1953370
1.571  5.934     -686.1940764
1.571  6.109     -686.1933540
1.745  0.000     -686.1959283
1.745  0.175     -686.1974497
1.745  0.349     -686.1990244
1.745  0.524     -686.2005232
1.745  0.698     -686.2019614
1.745  0.873     -686.2030617
1.745  1.047     -686.2037856
1.745  1.222     -686.2040825
1.745  1.396     -686.2038731
1.745  1.571     -686.2030320
1.745  1.745     -686.2017137
1.745  1.920     -686.1998970
1.745  2.094     -686.1980577
1.745  2.269     -686.1964191
1.745  2.443     -686.1953138
1.745  2.618     -686.1948221
1.745  2.793     -686.1949771
1.745  2.967     -686.1955626
1.745  3.142     -686.1968179
1.745  3.316     -686.1983451
1.745  3.491     -686.2000304
1.745  3.665     -686.2015559
1.745  3.840     -686.2028008
1.745  4.014     -686.2036609
1.745  4.189     -686.2039066
1.745  4.363     -686.2036803
1.745  4.538     -686.2030496
1.745  4.712     -686.2020563
1.745  4.887     -686.2007628
1.745  5.061     -686.1994121
1.745  5.236     -686.1980658
1.745  5.411     -686.1965978
1.745  5.585     -686.1952865
1.745  5.760     -686.1943360
1.745  5.934     -686.1939570
1.745  6.109     -686.1946750
1.920  0.000     -686.1975661
1.920  0.175     -686.1989075
1.920  0.349     -686.2002158
1.920  0.524     -686.2014525
1.920  0.698     -686.2024414
1.920  0.873     -686.2030912
1.920  1.047     -686.2034158
1.920  1.222     -686.2033482
1.920  1.396     -686.2027055
1.920  1.571     -686.2015682
1.920  1.745     -686.1999668
1.920  1.920     -686.1979510
1.920  2.094     -686.1961944
1.920  2.269     -686.1948022
1.920  2.443     -686.1943784
1.920  2.618     -686.1946170
1.920  2.793     -686.1954961
1.920  2.967     -686.1966951
1.920  3.142     -686.1982467
1.920  3.316     -686.1996629
1.920  3.491     -686.2010790
1.920  3.665     -686.2023187
1.920  3.840     -686.2031867
1.920  4.014     -686.2036064
1.920  4.189     -686.2034984
1.920  4.363     -686.2029518
1.920  4.538     -686.2019736
1.920  4.712     -686.2006343
1.920  4.887     -686.1990856
1.920  5.061     -686.1974955
1.920  5.236     -686.1961224
1.920  5.411     -686.1949402
1.920  5.585     -686.1940272
1.920  5.760     -686.1939567
1.920  5.934     -686.1947782
1.920  6.109     -686.1960811
2.094  0.000     -686.1989781
2.094  0.175     -686.2001470
2.094  0.349     -686.2012085
2.094  0.524     -686.2019039
2.094  0.698     -686.2025029
2.094  0.873     -686.2027620
2.094  1.047     -686.2026431
2.094  1.222     -686.2022052
2.094  1.396     -686.2012596
2.094  1.571     -686.1998444
2.094  1.745     -686.1980627
2.094  1.920     -686.1962003
2.094  2.094     -686.1946235
2.094  2.269     -686.1939164
2.094  2.443     -686.1941686
2.094  2.618     -686.1951071
2.094  2.793     -686.1964229
2.094  2.967     -686.1979290
2.094  3.142     -686.1994064
2.094  3.316     -686.2007232
2.094  3.491     -686.2018649
2.094  3.665     -686.2027113
2.094  3.840     -686.2031965
2.094  4.014     -686.2032267
2.094  4.189     -686.2027586
2.094  4.363     -686.2018667
2.094  4.538     -686.2005613
2.094  4.712     -686.1989601
2.094  4.887     -686.1972720
2.094  5.061     -686.1955810
2.094  5.236     -686.1943136
2.094  5.411     -686.1935430
2.094  5.585     -686.1935466
2.094  5.760     -686.1945382
2.094  5.934     -686.1960014
2.094  6.109     -686.1975642
2.269  0.000     -686.2002832
2.269  0.175     -686.2012775
2.269  0.349     -686.2018466
2.269  0.524     -686.2022124
2.269  0.698     -686.2023054
2.269  0.873     -686.2021348
2.269  1.047     -686.2016423
2.269  1.222     -686.2008164
2.269  1.396     -686.1996574
2.269  1.571     -686.1981098
2.269  1.745     -686.1964435
2.269  1.920     -686.1948488
2.269  2.094     -686.1937993
2.269  2.269     -686.1940571
2.269  2.443     -686.1947939
2.269  2.618     -686.1960609
2.269  2.793     -686.1975162
2.269  2.967     -686.1990812
2.269  3.142     -686.2004225
2.269  3.316     -686.2015950
2.269  3.491     -686.2024141
2.269  3.665     -686.2029249
2.269  3.840     -686.2029843
2.269  4.014     -686.2025326
2.269  4.189     -686.2017131
2.269  4.363     -686.2004981
2.269  4.538     -686.1989640
2.269  4.712     -686.1972253
2.269  4.887     -686.1955415
2.269  5.061     -686.1940823
2.269  5.236     -686.1931194
2.269  5.411     -686.1930605
2.269  5.585     -686.1940341
2.269  5.760     -686.1956625
2.269  5.934     -686.1974910
2.269  6.109     -686.1990692
2.443  0.000     -686.2014761
2.443  0.175     -686.2021194
2.443  0.349     -686.2023652
2.443  0.524     -686.2022974
2.443  0.698     -686.2019209
2.443  0.873     -686.2013742
2.443  1.047     -686.2005171
2.443  1.222     -686.1993807
2.443  1.396     -686.1982069
2.443  1.571     -686.1967449
2.443  1.745     -686.1952717
2.443  1.920     -686.1943261
2.443  2.094     -686.1941540
2.443  2.269     -686.1947945
2.443  2.443     -686.1957911
2.443  2.618     -686.1971391
2.443  2.793     -686.1986008
2.443  2.967     -686.2000193
2.443  3.142     -686.2012986
2.443  3.316     -686.2022208
2.443  3.491     -686.2027266
2.443  3.665     -686.2028099
2.443  3.840     -686.2024940
2.443  4.014     -686.2017174
2.443  4.189     -686.2005341
2.443  4.363     -686.1991031
2.443  4.538     -686.1974610
2.443  4.712     -686.1957686
2.443  4.887     -686.1942503
2.443  5.061     -686.1932762
2.443  5.236     -686.1929475
2.443  5.411     -686.1935021
2.443  5.585     -686.1951191
2.443  5.760     -686.1970288
2.443  5.934     -686.1988722
2.443  6.109     -686.2003889
2.618  0.000     -686.2023558
2.618  0.175     -686.2027059
2.618  0.349     -686.2026308
2.618  0.524     -686.2021583
2.618  0.698     -686.2014327
2.618  0.873     -686.2004459
2.618  1.047     -686.1993834
2.618  1.222     -686.1981352
2.618  1.396     -686.1969009
2.618  1.571     -686.1956980
2.618  1.745     -686.1948184
2.618  1.920     -686.1946008
2.618  2.094     -686.1950683
2.618  2.269     -686.1960348
2.618  2.443     -686.1971851
2.618  2.618     -686.1984101
2.618  2.793     -686.1996858
2.618  2.967     -686.2008745
2.618  3.142     -686.2019018
2.618  3.316     -686.2026017
2.618  3.491     -686.2028753
2.618  3.665     -686.2025828
2.618  3.840     -686.2018509
2.618  4.014     -686.2007384
2.618  4.189     -686.1993352
2.618  4.363     -686.1977494
2.618  4.538     -686.1961510
2.618  4.712     -686.1947864
2.618  4.887     -686.1937404
2.618  5.061     -686.1931725
2.618  5.236     -686.1936061
2.618  5.411     -686.1948112
2.618  5.585     -686.1964905
2.618  5.760     -686.1984444
2.618  5.934     -686.2001886
2.618  6.109     -686.2014707
2.793  0.000     -686.2030172
2.793  0.175     -686.2030879
2.793  0.349     -686.2026595
2.793  0.524     -686.2018827
2.793  0.698     -686.2007939
2.793  0.873     -686.1996035
2.793  1.047     -686.1982547
2.793  1.222     -686.1970609
2.793  1.396     -686.1959742
2.793  1.571     -686.1950171
2.793  1.745     -686.1948996
2.793  1.920     -686.1954391
2.793  2.094     -686.1963902
2.793  2.269     -686.1975083
2.793  2.443     -686.1985704
2.793  2.618     -686.1996487
2.793  2.793     -686.2006639
2.793  2.967     -686.2017067
2.793  3.142     -686.2024421
2.793  3.316     -686.2028195
2.793  3.491     -686.2027255
2.793  3.665     -686.2021978
2.793  3.840     -686.2011304
2.793  4.014     -686.1996981
2.793  4.189     -686.1980961
2.793  4.363     -686.1965026
2.793  4.538     -686.1950211
2.793  4.712     -686.1940386
2.793  4.887     -686.1937938
2.793  5.061     -686.1940471
2.793  5.236     -686.1948963
2.793  5.411     -686.1963598
2.793  5.585     -686.1981128
2.793  5.760     -686.1999521
2.793  5.934     -686.2014187
2.793  6.109     -686.2024398
2.967  0.000     -686.2034777
2.967  0.175     -686.2032342
2.967  0.349     -686.2025337
2.967  0.524     -686.2014192
2.967  0.698     -686.2000772
2.967  0.873     -686.1985761
2.967  1.047     -686.1971570
2.967  1.222     -686.1958398
2.967  1.396     -686.1948941
2.967  1.571     -686.1947076
2.967  1.745     -686.1955716
2.967  1.920     -686.1966865
2.967  2.094     -686.1979260
2.967  2.269     -686.1990311
2.967  2.443     -686.2000182
2.967  2.618     -686.2008961
2.967  2.793     -686.2016954
2.967  2.967     -686.2023958
2.967  3.142     -686.2028038
2.967  3.316     -686.2029237
2.967  3.491     -686.2024837
2.967  3.665     -686.2015910
2.967  3.840     -686.2002680
2.967  4.014     -686.1985867
2.967  4.189     -686.1968217
2.967  4.363     -686.1951641
2.967  4.538     -686.1940006
2.967  4.712     -686.1938997
2.967  4.887     -686.1944727
2.967  5.061     -686.1953124
2.967  5.236     -686.1965840
2.967  5.411     -686.1981129
2.967  5.585     -686.1997698
2.967  5.760     -686.2013301
2.967  5.934     -686.2025923
2.967  6.109     -686.2032916
3.142  0.000     -686.2037091
3.142  0.175     -686.2031436
3.142  0.349     -686.2020806
3.142  0.524     -686.2006713
3.142  0.698     -686.1990753
3.142  0.873     -686.1973928
3.142  1.047     -686.1957523
3.142  1.222     -686.1944380
3.142  1.396     -686.1935972
3.142  1.571     -686.1952239
3.142  1.745     -686.1967954
3.142  1.920     -686.1981362
3.142  2.094     -686.1993876
3.142  2.269     -686.2004495
3.142  2.443     -686.2013063
3.142  2.618     -686.2019352
3.142  2.793     -686.2024451
3.142  2.967     -686.2027952
3.142  3.142     -686.2029343
3.142  3.316     -686.2026718
3.142  3.491     -686.2019666
3.142  3.665     -686.2007836
3.142  3.840     -686.1991606
3.142  4.014     -686.1972728
3.142  4.189     -686.1953500
3.142  4.363     -686.1936849
3.142  4.538     -686.1933032
3.142  4.712     -686.1945242
3.142  4.887     -686.1956984
3.142  5.061     -686.1968928
3.142  5.236     -686.1982723
3.142  5.411     -686.1997796
3.142  5.585     -686.2012758
3.142  5.760     -686.2025485
3.142  5.934     -686.2033759
3.142  6.109     -686.2038060
3.316  0.000     -686.2035631
3.316  0.175     -686.2026064
3.316  0.349     -686.2012442
3.316  0.524     -686.1995475
3.316  0.698     -686.1976553
3.316  0.873     -686.1957054
3.316  1.047     -686.1939034
3.316  1.222     -686.1925284
3.316  1.396     -686.1949587
3.316  1.571     -686.1968034
3.316  1.745     -686.1983402
3.316  1.920     -686.1996443
3.316  2.094     -686.2007871
3.316  2.269     -686.2016058
3.316  2.443     -686.2022589
3.316  2.618     -686.2026189
3.316  2.793     -686.2028184
3.316  2.967     -686.2028839
3.316  3.142     -686.2026795
3.316  3.316     -686.2021377
3.316  3.491     -686.2011478
3.316  3.665     -686.1995920
3.316  3.840     -686.1976824
3.316  4.014     -686.1955991
3.316  4.189     -686.1934957
3.316  4.363     -686.1917824
3.316  4.538     -686.1944980
3.316  4.712     -686.1959626
3.316  4.887     -686.1971723
3.316  5.061     -686.1985166
3.316  5.236     -686.1998782
3.316  5.411     -686.2012156
3.316  5.585     -686.2023987
3.316  5.760     -686.2033358
3.316  5.934     -686.2038920
3.316  6.109     -686.2039737
3.491  0.000     -686.2029355
3.491  0.175     -686.2016702
3.491  0.349     -686.1999831
3.491  0.524     -686.1979886
3.491  0.698     -686.1957274
3.491  0.873     -686.1935601
3.491  1.047     -686.1915778
3.491  1.222     -686.1947552
3.491  1.396     -686.1968956
3.491  1.571     -686.1986750
3.491  1.745     -686.1999946
3.491  1.920     -686.2010774
3.491  2.094     -686.2019090
3.491  2.269     -686.2024348
3.491  2.443     -686.2027565
3.491  2.618     -686.2028158
3.491  2.793     -686.2027990
3.491  2.967     -686.2025492
3.491  3.142     -686.2020128
3.491  3.316     -686.2011192
3.491  3.491     -686.1997299
3.491  3.665     -686.1979632
3.491  3.840     -686.1957455
3.491  4.014     -686.1933724
3.491  4.189     -686.1911105
3.491  4.363     -686.1945455
3.491  4.538     -686.1962302
3.491  4.712     -686.1976015
3.491  4.887     -686.1988843
3.491  5.061     -686.2000137
3.491  5.236     -686.2011595
3.491  5.411     -686.2022307
3.491  5.585     -686.2031210
3.491  5.760     -686.2036783
3.491  5.934     -686.2038902
3.491  6.109     -686.2036161
3.665  0.000     -686.2016791
3.665  0.175     -686.2001253
3.665  0.349     -686.1981501
3.665  0.524     -686.1958273
3.665  0.698     -686.1933713
3.665  0.873     -686.1909241
3.665  1.047     -686.1946445
3.665  1.222     -686.1969812
3.665  1.396     -686.1989401
3.665  1.571     -686.2004371
3.665  1.745     -686.2015453
3.665  1.920     -686.2023149
3.665  2.094     -686.2027366
3.665  2.269     -686.2029358
3.665  2.443     -686.2028420
3.665  2.618     -686.2025978
3.665  2.793     -686.2022420
3.665  2.967     -686.2016036
3.665  3.142     -686.2008628
3.665  3.316     -686.1996302
3.665  3.491     -686.1979652
3.665  3.665     -686.1958278
3.665  3.840     -686.1933429
3.665  4.014     -686.1907344
3.665  4.189     -686.1945676
3.665  4.363     -686.1965823
3.665  4.538     -686.1981341
3.665  4.712     -686.1993341
3.665  4.887     -686.2003167
3.665  5.061     -686.2012821
3.665  5.236     -686.2021906
3.665  5.411     -686.2029297
3.665  5.585     -686.2033352
3.665  5.760     -686.2035878
3.665  5.934     -686.2034068
3.665  6.109     -686.2027137
3.840  0.000     -686.2000109
3.840  0.175     -686.1981382
3.840  0.349     -686.1958424
3.840  0.524     -686.1932235
3.840  0.698     -686.1905527
3.840  0.873     -686.1946046
3.840  1.047     -686.1970685
3.840  1.222     -686.1992107
3.840  1.396     -686.2008737
3.840  1.571     -686.2020293
3.840  1.745     -686.2028099
3.840  1.920     -686.2031406
3.840  2.094     -686.2032170
3.840  2.269     -686.2029842
3.840  2.443     -686.2025096
3.840  2.618     -686.2018984
3.840  2.793     -686.2011570
3.840  2.967     -686.2003242
3.840  3.142     -686.1991971
3.840  3.316     -686.1976779
3.840  3.491     -686.1957401
3.840  3.665     -686.1933987
3.840  3.840     -686.1905950
3.840  4.014     -686.1946282
3.840  4.189     -686.1968934
3.840  4.363     -686.1986172
3.840  4.538     -686.1999266
3.840  4.712     -686.2008415
3.840  4.887     -686.2016175
3.840  5.061     -686.2022212
3.840  5.236     -686.2028060
3.840  5.411     -686.2030672
3.840  5.585     -686.2031808
3.840  5.760     -686.2028953
3.840  5.934     -686.2023985
3.840  6.109     -686.2014694
4.014  0.000     -686.1979783
4.014  0.175     -686.1958761
4.014  0.349     -686.1932926
4.014  0.524     -686.1905403
4.014  0.698     -686.1946419
4.014  0.873     -686.1970263
4.014  1.047     -686.1991860
4.014  1.222     -686.2010006
4.014  1.396     -686.2023546
4.014  1.571     -686.2032042
4.014  1.745     -686.2036476
4.014  1.920     -686.2035945
4.014  2.094     -686.2032188
4.014  2.269     -686.2025523
4.014  2.443     -686.2017737
4.014  2.618     -686.2007957
4.014  2.793     -686.1997584
4.014  2.967     -686.1986417
4.014  3.142     -686.1972895
4.014  3.316     -686.1955876
4.014  3.491     -686.1934417
4.014  3.665     -686.1906812
4.014  3.840     -686.1946377
4.014  4.014     -686.1969905
4.014  4.189     -686.1988858
4.014  4.363     -686.2003316
4.014  4.538     -686.2013469
4.014  4.712     -686.2020301
4.014  4.887     -686.2024290
4.014  5.061     -686.2027708
4.014  5.236     -686.2029170
4.014  5.411     -686.2028236
4.014  5.585     -686.2024695
4.014  5.760     -686.2018409
4.014  5.934     -686.2009746
4.014  6.109     -686.1996611
4.189  0.000     -686.1958772
4.189  0.175     -686.1935346
4.189  0.349     -686.1908704
4.189  0.524     -686.1946990
4.189  0.698     -686.1968811
4.189  0.873     -686.1989869
4.189  1.047     -686.2008226
4.189  1.222     -686.2023551
4.189  1.396     -686.2033331
4.189  1.571     -686.2038518
4.189  1.745     -686.2038739
4.189  1.920     -686.2035326
4.189  2.094     -686.2027963
4.189  2.269     -686.2017195
4.189  2.443     -686.2005730
4.189  2.618     -686.1993289
4.189  2.793     -686.1981500
4.189  2.967     -686.1968916
4.189  3.142     -686.1953584
4.189  3.316     -686.1934890
4.189  3.491     -686.1911412
4.189  3.665     -686.1945148
4.189  3.840     -686.1968723
4.189  4.014     -686.1988882
4.189  4.189     -686.2005427
4.189  4.363     -686.2016468
4.189  4.538     -686.2023609
4.189  4.712     -686.2027055
4.189  4.887     -686.2028577
4.189  5.061     -686.2027874
4.189  5.236     -686.2025865
4.189  5.411     -686.2021570
4.189  5.585     -686.2014732
4.189  5.760     -686.2005110
4.189  5.934     -686.1993042
4.189  6.109     -686.1977721
4.363  0.000     -686.1939785
4.363  0.175     -686.1916262
4.363  0.349     -686.1948560
4.363  0.524     -686.1966092
4.363  0.698     -686.1985254
4.363  0.873     -686.2003852
4.363  1.047     -686.2019255
4.363  1.222     -686.2031016
4.363  1.396     -686.2037850
4.363  1.571     -686.2039863
4.363  1.745     -686.2036580
4.363  1.920     -686.2029447
4.363  2.094     -686.2018437
4.363  2.269     -686.2004756
4.363  2.443     -686.1991297
4.363  2.618     -686.1977490
4.363  2.793     -686.1965247
4.363  2.967     -686.1951916
4.363  3.142     -686.1936618
4.363  3.316     -686.1917815
4.363  3.491     -686.1944828
4.363  3.665     -686.1966019
4.363  3.840     -686.1986127
4.363  4.014     -686.2003785
4.363  4.189     -686.2016826
4.363  4.363     -686.2024958
4.363  4.538     -686.2028679
4.363  4.712     -686.2028962
4.363  4.887     -686.2027480
4.363  5.061     -686.2024294
4.363  5.236     -686.2018946
4.363  5.411     -686.2010977
4.363  5.585     -686.2001826
4.363  5.760     -686.1990044
4.363  5.934     -686.1975992
4.363  6.109     -686.1959280
4.538  0.000     -686.1941135
4.538  0.175     -686.1951400
4.538  0.349     -686.1965556
4.538  0.524     -686.1981385
4.538  0.698     -686.1998198
4.538  0.873     -686.2013470
4.538  1.047     -686.2025486
4.538  1.222     -686.2034214
4.538  1.396     -686.2037992
4.538  1.571     -686.2036751
4.538  1.745     -686.2030140
4.538  1.920     -686.2018862
4.538  2.094     -686.2005526
4.538  2.269     -686.1989333
4.538  2.443     -686.1974718
4.538  2.618     -686.1961593
4.538  2.793     -686.1950637
4.538  2.967     -686.1939268
4.538  3.142     -686.1932235
4.538  3.316     -686.1944690
4.538  3.491     -686.1962245
4.538  3.665     -686.1981385
4.538  3.840     -686.1999082
4.538  4.014     -686.2013714
4.538  4.189     -686.2023557
4.538  4.363     -686.2028450
4.538  4.538     -686.2029325
4.538  4.712     -686.2026515
4.538  4.887     -686.2021521
4.538  5.061     -686.2015330
4.538  5.236     -686.2008066
4.538  5.411     -686.1998914
4.538  5.585     -686.1986742
4.538  5.760     -686.1974589
4.538  5.934     -686.1960387
4.538  6.109     -686.1945594
4.712  0.000     -686.1954417
4.712  0.175     -686.1964658
4.712  0.349     -686.1978145
4.712  0.524     -686.1992167
4.712  0.698     -686.2006522
4.712  0.873     -686.2018843
4.712  1.047     -686.2028236
4.712  1.222     -686.2033531
4.712  1.396     -686.2033773
4.712  1.571     -686.2030309
4.712  1.745     -686.2020277
4.712  1.920     -686.2006188
4.712  2.094     -686.1989763
4.712  2.269     -686.1973069
4.712  2.443     -686.1958087
4.712  2.618     -686.1947552
4.712  2.793     -686.1940821
4.712  2.967     -686.1938599
4.712  3.142     -686.1945461
4.712  3.316     -686.1959170
4.712  3.491     -686.1976457
4.712  3.665     -686.1993561
4.712  3.840     -686.2008791
4.712  4.014     -686.2020353
4.712  4.189     -686.2027388
4.712  4.363     -686.2029005
4.712  4.538     -686.2026188
4.712  4.712     -686.2020555
4.712  4.887     -686.2012608
4.712  5.061     -686.2004005
4.712  5.236     -686.1994698
4.712  5.411     -686.1984259
4.712  5.585     -686.1972728
4.712  5.760     -686.1960952
4.712  5.934     -686.1951035
4.712  6.109     -686.1947963
4.887  0.000     -686.1964637
4.887  0.175     -686.1976370
4.887  0.349     -686.1989016
4.887  0.524     -686.2001778
4.887  0.698     -686.2012891
4.887  0.873     -686.2022384
4.887  1.047     -686.2027770
4.887  1.222     -686.2030413
4.887  1.396     -686.2027826
4.887  1.571     -686.2020054
4.887  1.745     -686.2007074
4.887  1.920     -686.1990479
4.887  2.094     -686.1972113
4.887  2.269     -686.1955495
4.887  2.443     -686.1943581
4.887  2.618     -686.1936968
4.887  2.793     -686.1938139
4.887  2.967     -686.1944852
4.887  3.142     -686.1956826
4.887  3.316     -686.1972316
4.887  3.491     -686.1988411
4.887  3.665     -686.2003881
4.887  3.840     -686.2016298
4.887  4.014     -686.2024901
4.887  4.189     -686.2028524
4.887  4.363     -686.2027262
4.887  4.538     -686.2021393
4.887  4.712     -686.2012414
4.887  4.887     -686.2001421
4.887  5.061     -686.1990334
4.887  5.236     -686.1979718
4.887  5.411     -686.1968684
4.887  5.585     -686.1957985
4.887  5.760     -686.1950841
4.887  5.934     -686.1948603
4.887  6.109     -686.1953790
5.061  0.000     -686.1975669
5.061  0.175     -686.1987682
5.061  0.349     -686.1999488
5.061  0.524     -686.2009631
5.061  0.698     -686.2017684
5.061  0.873     -686.2024025
5.061  1.047     -686.2026771
5.061  1.222     -686.2025775
5.061  1.396     -686.2019867
5.061  1.571     -686.2008963
5.061  1.745     -686.1993682
5.061  1.920     -686.1975194
5.061  2.094     -686.1955910
5.061  2.269     -686.1940604
5.061  2.443     -686.1932434
5.061  2.618     -686.1932915
5.061  2.793     -686.1940588
5.061  2.967     -686.1953481
5.061  3.142     -686.1969174
5.061  3.316     -686.1985029
5.061  3.491     -686.1999959
5.061  3.665     -686.2012900
5.061  3.840     -686.2022410
5.061  4.014     -686.2027558
5.061  4.189     -686.2028075
5.061  4.363     -686.2023632
5.061  4.538     -686.2015199
5.061  4.712     -686.2003285
5.061  4.887     -686.1990412
5.061  5.061     -686.1977489
5.061  5.236     -686.1965044
5.061  5.411     -686.1954499
5.061  5.585     -686.1946180
5.061  5.760     -686.1945202
5.061  5.934     -686.1951668
5.061  6.109     -686.1962505
5.236  0.000     -686.1988445
5.236  0.175     -686.2000283
5.236  0.349     -686.2009824
5.236  0.524     -686.2017022
5.236  0.698     -686.2021214
5.236  0.873     -686.2023274
5.236  1.047     -686.2022222
5.236  1.222     -686.2017600
5.236  1.396     -686.2009534
5.236  1.571     -686.1996781
5.236  1.745     -686.1979666
5.236  1.920     -686.1961502
5.236  2.094     -686.1942666
5.236  2.269     -686.1931130
5.236  2.443     -686.1929452
5.236  2.618     -686.1936221
5.236  2.793     -686.1949622
5.236  2.967     -686.1965949
5.236  3.142     -686.1982501
5.236  3.316     -686.1997876
5.236  3.491     -686.2011738
5.236  3.665     -686.2021466
5.236  3.840     -686.2027372
5.236  4.014     -686.2028951
5.236  4.189     -686.2025858
5.236  4.363     -686.2018233
5.236  4.538     -686.2007421
5.236  4.712     -686.1994027
5.236  4.887     -686.1979033
5.236  5.061     -686.1964926
5.236  5.236     -686.1953311
5.236  5.411     -686.1943832
5.236  5.585     -686.1940828
5.236  5.760     -686.1946350
5.236  5.934     -686.1959951
5.236  6.109     -686.1974218
5.411  0.000     -686.2003176
5.411  0.175     -686.2013605
5.411  0.349     -686.2020207
5.411  0.524     -686.2022850
5.411  0.698     -686.2023356
5.411  0.873     -686.2020870
5.411  1.047     -686.2015699
5.411  1.222     -686.2007910
5.411  1.396     -686.1996970
5.411  1.571     -686.1982620
5.411  1.745     -686.1966128
5.411  1.920     -686.1948662
5.411  2.094     -686.1934482
5.411  2.269     -686.1930321
5.411  2.443     -686.1934576
5.411  2.618     -686.1947883
5.411  2.793     -686.1964025
5.411  2.967     -686.1980942
5.411  3.142     -686.1997852
5.411  3.316     -686.2011573
5.411  3.491     -686.2022059
5.411  3.665     -686.2028567
5.411  3.840     -686.2030159
5.411  4.014     -686.2027529
5.411  4.189     -686.2021059
5.411  4.363     -686.2010825
5.411  4.538     -686.1998090
5.411  4.712     -686.1983739
5.411  4.887     -686.1968068
5.411  5.061     -686.1954515
5.411  5.236     -686.1943946
5.411  5.411     -686.1937794
5.411  5.585     -686.1942199
5.411  5.760     -686.1955604
5.411  5.934     -686.1972198
5.411  6.109     -686.1989854
5.585  0.000     -686.2018707
5.585  0.175     -686.2026178
5.585  0.349     -686.2028412
5.585  0.524     -686.2027863
5.585  0.698     -686.2023289
5.585  0.873     -686.2016638
5.585  1.047     -686.2006619
5.585  1.222     -686.1995688
5.585  1.396     -686.1983024
5.585  1.571     -686.1968071
5.585  1.745     -686.1953009
5.585  1.920     -686.1940023
5.585  2.094     -686.1934740
5.585  2.269     -686.1939427
5.585  2.443     -686.1950350
5.585  2.618     -686.1964784
5.585  2.793     -686.1981474
5.585  2.967     -686.1997754
5.585  3.142     -686.2012364
5.585  3.316     -686.2023568
5.585  3.491     -686.2030578
5.585  3.665     -686.2033334
5.585  3.840     -686.2031153
5.585  4.014     -686.2024313
5.585  4.189     -686.2014252
5.585  4.363     -686.2001073
5.585  4.538     -686.1987441
5.585  4.712     -686.1972330
5.585  4.887     -686.1957903
5.585  5.061     -686.1946542
5.585  5.236     -686.1940618
5.585  5.411     -686.1941936
5.585  5.585     -686.1953584
5.585  5.760     -686.1971174
5.585  5.934     -686.1990253
5.585  6.109     -686.2006767
5.760  0.000     -686.2032283
5.760  0.175     -686.2035939
5.760  0.349     -686.2034703
5.760  0.524     -686.2028787
5.760  0.698     -686.2020214
5.760  0.873     -686.2009012
5.760  1.047     -686.1996320
5.760  1.222     -686.1982240
5.760  1.396     -686.1967629
5.760  1.571     -686.1953314
5.760  1.745     -686.1943339
5.760  1.920     -686.1939152
5.760  2.094     -686.1944467
5.760  2.269     -686.1956331
5.760  2.443     -686.1969295
5.760  2.618     -686.1984313
5.760  2.793     -686.1998693
5.760  2.967     -686.2013825
5.760  3.142     -686.2025104
5.760  3.316     -686.2033294
5.760  3.491     -686.2037095
5.760  3.665     -686.2035203
5.760  3.840     -686.2029219
5.760  4.014     -686.2018330
5.760  4.189     -686.2004391
5.760  4.363     -686.1989639
5.760  4.538     -686.1974739
5.760  4.712     -686.1961041
5.760  4.887     -686.1950642
5.760  5.061     -686.1945281
5.760  5.236     -686.1945975
5.760  5.411     -686.1954598
5.760  5.585     -686.1970917
5.760  5.760     -686.1989550
5.760  5.934     -686.2008005
5.760  6.109     -686.2022558
5.934  0.000     -686.2041345
5.934  0.175     -686.2041345
5.934  0.349     -686.2036864
5.934  0.524     -686.2026801
5.934  0.698     -686.2013800
5.934  0.873     -686.1998507
5.934  1.047     -686.1982647
5.934  1.222     -686.1966478
5.934  1.396     -686.1951839
5.934  1.571     -686.1940966
5.934  1.745     -686.1939551
5.934  1.920     -686.1947134
5.934  2.094     -686.1959688
5.934  2.269     -686.1973827
5.934  2.443     -686.1988477
5.934  2.618     -686.2001461
5.934  2.793     -686.2013968
5.934  2.967     -686.2025863
5.934  3.142     -686.2034142
5.934  3.316     -686.2038390
5.934  3.491     -686.2038553
5.934  3.665     -686.2032959
5.934  3.840     -686.2023135
5.934  4.014     -686.2008630
5.934  4.189     -686.1992609
5.934  4.363     -686.1975628
5.934  4.538     -686.1961002
5.934  4.712     -686.1951257
5.934  4.887     -686.1948775
5.934  5.061     -686.1951372
5.934  5.236     -686.1958995
5.934  5.411     -686.1972081
5.934  5.585     -686.1989617
5.934  5.760     -686.2008275
5.934  5.934     -686.2024432
5.934  6.109     -686.2035499
6.109  0.000     -686.2045843
6.109  0.175     -686.2042850
6.109  0.349     -686.2033830
6.109  0.524     -686.2020271
6.109  0.698     -686.2003854
6.109  0.873     -686.1985674
6.109  1.047     -686.1966921
6.109  1.222     -686.1949063
6.109  1.396     -686.1935413
6.109  1.571     -686.1934051
6.109  1.745     -686.1946746
6.109  1.920     -686.1960877
6.109  2.094     -686.1975592
6.109  2.269     -686.1989896
6.109  2.443     -686.2003205
6.109  2.618     -686.2014805
6.109  2.793     -686.2024650
6.109  2.967     -686.2032772
6.109  3.142     -686.2038806
6.109  3.316     -686.2039587
6.109  3.491     -686.2036379
6.109  3.665     -686.2026591
6.109  3.840     -686.2013847
6.109  4.014     -686.1996608
6.109  4.189     -686.1976780
6.109  4.363     -686.1958545
6.109  4.538     -686.1946207
6.109  4.712     -686.1948031
6.109  4.887     -686.1953883
6.109  5.061     -686.1962074
6.109  5.236     -686.1973662
6.109  5.411     -686.1988476
6.109  5.585     -686.2006707
6.109  5.760     -686.2022745
6.109  5.934     -686.2035312
6.109  6.109     -686.2042702
