-180    -1530.5288110
-170    -1530.5278354
-160    -1530.5265880
-150    -1530.5224128
-140    -1530.5189482
-130    -1530.5199562
-120    -1530.5171150
-110    -1530.5128066
-100    -1530.5124226
-090    -1530.5127068
-080    -1530.5125952
-070    -1530.5155384
-060    -1530.5146074
-050    -1530.5165854
-040    -1530.5171853
-030    -1530.5190507
-020    -1530.5202693
-010    -1530.5208316
+000    -1530.5207361
+010    -1530.5203004
+020    -1530.5194482
+030    -1530.5184111
+040    -1530.5181741
+050    -1530.5163664
+060    -1530.5144781
+070    -1530.5125777
+080    -1530.5111705
+090    -1530.5109636
+100    -1530.5139163
+110    -1530.5169840
+120    -1530.5206389
+130    -1530.5242148
+140    -1530.5274760
+150    -1530.5298420
+160    -1530.5319428
+170    -1530.5366654
