-180    -1569.8612309
-170    -1569.8602385
-160    -1569.8585719
-150    -1569.8556020
-140    -1569.8529404
-130    -1569.8496271
-120    -1569.8459055
-110    -1569.8438355
-100    -1569.8424677
-090    -1569.8422141
-080    -1569.8424852
-070    -1569.8427832
-060    -1569.8440700
-050    -1569.8470843
-040    -1569.8471329
-030    -1569.8471000
-020    -1569.8475678
-010    -1569.8477178
+000    -1569.8475110
+010    -1569.8469799
+020    -1569.8467563
+030    -1569.8455578
+040    -1569.8437239
+050    -1569.8432305
+060    -1569.8414645
+070    -1569.8403844
+080    -1569.8425820
+090    -1569.8420733
+100    -1569.8406148
+110    -1569.8456899
+120    -1569.8501692
+130    -1569.8540835
+140    -1569.8543005
+150    -1569.8573610
+160    -1569.8599404
+170    -1569.8611514
