3.000        656.3945075
3.500         96.6323514
3.700         28.2985455
3.900         -5.2514440
4.000        -14.0132325
4.100        -19.1073829
4.200        -21.6310386
4.300        -22.6057813
4.400        -22.8648393
4.500        -22.7582178
4.600        -22.1626234
4.700        -21.0900546
4.800        -19.6518326
4.900        -17.9905482
5.000        -16.3388206
5.100        -14.8875499
5.200        -13.5780298
5.300        -12.5447910
5.400        -11.5831758
5.500        -10.5953581
5.600         -9.6096933
5.700         -8.7047627
5.800         -7.9034079
5.900         -7.1937093
6.000         -6.5730676
6.500         -4.2507089
7.000         -2.7951061
8.000         -1.3073146
10.000         -0.3597459
