-180    -1569.8612804
-170    -1569.8613475
-160    -1569.8608243
-150    -1569.8607837
-140    -1569.8607614
-130    -1569.8608192
-120    -1569.8607396
-110    -1569.8613358
-100    -1569.8618049
-090    -1569.8643195
-080    -1569.8643328
-070    -1569.8633800
-060    -1569.8616682
-050    -1569.8593981
-040    -1569.8563987
-030    -1569.8548541
-020    -1569.8532022
-010    -1569.8521888
+000    -1569.8521667
+010    -1569.8561902
+020    -1569.8545792
+030    -1569.8565955
+040    -1569.8586755
+050    -1569.8607209
+060    -1569.8620160
+070    -1569.8625953
+080    -1569.8630704
+090    -1569.8627430
+100    -1569.8621625
+110    -1569.8616177
+120    -1569.8602911
+130    -1569.8603537
+140    -1569.8604987
+150    -1569.8607977
+160    -1569.8610985
+170    -1569.8609091
