0.000  0.000     -763.6437008
0.000  0.175     -763.6436416
0.000  0.349     -763.6435019
0.000  0.524     -763.6434071
0.000  0.698     -763.6433446
0.000  0.873     -763.6431697
0.000  1.047     -763.6425224
0.000  1.222     -763.6412234
0.000  1.396     -763.6393592
0.000  1.571     -763.6370761
0.000  1.745     -763.6342848
0.000  1.920     -763.6352280
0.000  2.094     -763.6365376
0.000  2.269     -763.6380417
0.000  2.443     -763.6393608
0.000  2.618     -763.6404587
0.000  2.793     -763.6414133
0.000  2.967     -763.6421996
0.000  3.142     -763.6428839
0.000  3.316     -763.6433709
0.000  3.491     -763.6438132
0.000  3.665     -763.6441178
0.000  3.840     -763.6440218
0.000  4.014     -763.6433519
0.000  4.189     -763.6420431
0.000  4.363     -763.6399844
0.000  4.538     -763.6376096
0.000  4.712     -763.6348658
0.000  4.887     -763.6348721
0.000  5.061     -763.6359209
0.000  5.236     -763.6376613
0.000  5.411     -763.6393450
0.000  5.585     -763.6409144
0.000  5.760     -763.6419931
0.000  5.934     -763.6429324
0.000  6.109     -763.6435109
0.175  0.000     -763.6433426
0.175  0.175     -763.6432001
0.175  0.349     -763.6429771
0.175  0.524     -763.6428157
0.175  0.698     -763.6427479
0.175  0.873     -763.6427398
0.175  1.047     -763.6422194
0.175  1.222     -763.6409786
0.175  1.396     -763.6389306
0.175  1.571     -763.6361025
0.175  1.745     -763.6370779
0.175  1.920     -763.6376253
0.175  2.094     -763.6383059
0.175  2.269     -763.6390888
0.175  2.443     -763.6399235
0.175  2.618     -763.6405783
0.175  2.793     -763.6411359
0.175  2.967     -763.6417035
0.175  3.142     -763.6422510
0.175  3.316     -763.6426171
0.175  3.491     -763.6430431
0.175  3.665     -763.6434159
0.175  3.840     -763.6434093
0.175  4.014     -763.6428229
0.175  4.189     -763.6416272
0.175  4.363     -763.6399035
0.175  4.538     -763.6380612
0.175  4.712     -763.6374218
0.175  4.887     -763.6376684
0.175  5.061     -763.6383998
0.175  5.236     -763.6395423
0.175  5.411     -763.6406813
0.175  5.585     -763.6416702
0.175  5.760     -763.6424160
0.175  5.934     -763.6429794
0.175  6.109     -763.6432532
0.349  0.000     -763.6421812
0.349  0.175     -763.6418987
0.349  0.349     -763.6415511
0.349  0.524     -763.6413085
0.349  0.698     -763.6412464
0.349  0.873     -763.6412321
0.349  1.047     -763.6410610
0.349  1.222     -763.6401755
0.349  1.396     -763.6388981
0.349  1.571     -763.6391867
0.349  1.745     -763.6394027
0.349  1.920     -763.6395019
0.349  2.094     -763.6395952
0.349  2.269     -763.6397918
0.349  2.443     -763.6399789
0.349  2.618     -763.6401087
0.349  2.793     -763.6402612
0.349  2.967     -763.6404550
0.349  3.142     -763.6407706
0.349  3.316     -763.6411576
0.349  3.491     -763.6415100
0.349  3.665     -763.6417306
0.349  3.840     -763.6417704
0.349  4.014     -763.6414035
0.349  4.189     -763.6407365
0.349  4.363     -763.6400623
0.349  4.538     -763.6398089
0.349  4.712     -763.6397096
0.349  4.887     -763.6397668
0.349  5.061     -763.6402032
0.349  5.236     -763.6407310
0.349  5.411     -763.6413976
0.349  5.585     -763.6419602
0.349  5.760     -763.6422993
0.349  5.934     -763.6424284
0.349  6.109     -763.6424305
0.524  0.000     -763.6405144
0.524  0.175     -763.6398712
0.524  0.349     -763.6393317
0.524  0.524     -763.6389932
0.524  0.698     -763.6389328
0.524  0.873     -763.6390879
0.524  1.047     -763.6392803
0.524  1.222     -763.6394648
0.524  1.396     -763.6404769
0.524  1.571     -763.6411396
0.524  1.745     -763.6413029
0.524  1.920     -763.6411198
0.524  2.094     -763.6406648
0.524  2.269     -763.6401411
0.524  2.443     -763.6397126
0.524  2.618     -763.6393489
0.524  2.793     -763.6390581
0.524  2.967     -763.6389795
0.524  3.142     -763.6389941
0.524  3.316     -763.6390261
0.524  3.491     -763.6390752
0.524  3.665     -763.6392109
0.524  3.840     -763.6394363
0.524  4.014     -763.6396012
0.524  4.189     -763.6398875
0.524  4.363     -763.6406091
0.524  4.538     -763.6411942
0.524  4.712     -763.6412148
0.524  4.887     -763.6412547
0.524  5.061     -763.6413485
0.524  5.236     -763.6414606
0.524  5.411     -763.6417262
0.524  5.585     -763.6418320
0.524  5.760     -763.6417474
0.524  5.934     -763.6414327
0.524  6.109     -763.6410785
0.698  0.000     -763.6383425
0.698  0.175     -763.6372830
0.698  0.349     -763.6365752
0.698  0.524     -763.6363119
0.698  0.698     -763.6364423
0.698  0.873     -763.6368844
0.698  1.047     -763.6377627
0.698  1.222     -763.6394148
0.698  1.396     -763.6411710
0.698  1.571     -763.6423552
0.698  1.745     -763.6425549
0.698  1.920     -763.6421333
0.698  2.094     -763.6413227
0.698  2.269     -763.6403746
0.698  2.443     -763.6393659
0.698  2.618     -763.6385029
0.698  2.793     -763.6377528
0.698  2.967     -763.6371332
0.698  3.142     -763.6367353
0.698  3.316     -763.6364431
0.698  3.491     -763.6364592
0.698  3.665     -763.6367000
0.698  3.840     -763.6370976
0.698  4.014     -763.6378468
0.698  4.189     -763.6392575
0.698  4.363     -763.6407658
0.698  4.538     -763.6417267
0.698  4.712     -763.6420602
0.698  4.887     -763.6420066
0.698  5.061     -763.6418877
0.698  5.236     -763.6418229
0.698  5.411     -763.6416682
0.698  5.585     -763.6413421
0.698  5.760     -763.6409195
0.698  5.934     -763.6401763
0.698  6.109     -763.6393316
0.873  0.000     -763.6359973
0.873  0.175     -763.6346929
0.873  0.349     -763.6339492
0.873  0.524     -763.6336944
0.873  0.698     -763.6342403
0.873  0.873     -763.6352665
0.873  1.047     -763.6369824
0.873  1.222     -763.6391837
0.873  1.396     -763.6412522
0.873  1.571     -763.6427468
0.873  1.745     -763.6431983
0.873  1.920     -763.6427379
0.873  2.094     -763.6416643
0.873  2.269     -763.6403605
0.873  2.443     -763.6389006
0.873  2.618     -763.6375429
0.873  2.793     -763.6363224
0.873  2.967     -763.6352753
0.873  3.142     -763.6345120
0.873  3.316     -763.6339642
0.873  3.491     -763.6338585
0.873  3.665     -763.6342143
0.873  3.840     -763.6350818
0.873  4.014     -763.6365297
0.873  4.189     -763.6385341
0.873  4.363     -763.6404881
0.873  4.538     -763.6417545
0.873  4.712     -763.6421986
0.873  4.887     -763.6421798
0.873  5.061     -763.6420072
0.873  5.236     -763.6417155
0.873  5.411     -763.6412370
0.873  5.585     -763.6406365
0.873  5.760     -763.6398674
0.873  5.934     -763.6386793
0.873  6.109     -763.6374176
1.047  0.000     -763.6338458
1.047  0.175     -763.6323267
1.047  0.349     -763.6315670
1.047  0.524     -763.6317914
1.047  0.698     -763.6327883
1.047  0.873     -763.6342609
1.047  1.047     -763.6365222
1.047  1.222     -763.6390291
1.047  1.396     -763.6413115
1.047  1.571     -763.6427821
1.047  1.745     -763.6433016
1.047  1.920     -763.6428858
1.047  2.094     -763.6417197
1.047  2.269     -763.6400867
1.047  2.443     -763.6382894
1.047  2.618     -763.6366091
1.047  2.793     -763.6349685
1.047  2.967     -763.6334629
1.047  3.142     -763.6324086
1.047  3.316     -763.6317306
1.047  3.491     -763.6316800
1.047  3.665     -763.6321609
1.047  3.840     -763.6336589
1.047  4.014     -763.6355492
1.047  4.189     -763.6379109
1.047  4.363     -763.6400464
1.047  4.538     -763.6415570
1.047  4.712     -763.6421859
1.047  4.887     -763.6421524
1.047  5.061     -763.6418609
1.047  5.236     -763.6413855
1.047  5.411     -763.6407851
1.047  5.585     -763.6399067
1.047  5.760     -763.6387898
1.047  5.934     -763.6372500
1.047  6.109     -763.6355889
1.222  0.000     -763.6320104
1.222  0.175     -763.6304227
1.222  0.349     -763.6298114
1.222  0.524     -763.6303745
1.222  0.698     -763.6318344
1.222  0.873     -763.6338689
1.222  1.047     -763.6364217
1.222  1.222     -763.6391032
1.222  1.396     -763.6414027
1.222  1.571     -763.6428097
1.222  1.745     -763.6433333
1.222  1.920     -763.6428667
1.222  2.094     -763.6417060
1.222  2.269     -763.6399419
1.222  2.443     -763.6379127
1.222  2.618     -763.6357966
1.222  2.793     -763.6337984
1.222  2.967     -763.6320387
1.222  3.142     -763.6306626
1.222  3.316     -763.6298011
1.222  3.491     -763.6294899
1.222  3.665     -763.6307659
1.222  3.840     -763.6326877
1.222  4.014     -763.6350710
1.222  4.189     -763.6376499
1.222  4.363     -763.6398470
1.222  4.538     -763.6415443
1.222  4.712     -763.6421266
1.222  4.887     -763.6421446
1.222  5.061     -763.6417012
1.222  5.236     -763.6411188
1.222  5.411     -763.6403693
1.222  5.585     -763.6392753
1.222  5.760     -763.6378524
1.222  5.934     -763.6360337
1.222  6.109     -763.6339854
1.396  0.000     -763.6305878
1.396  0.175     -763.6289726
1.396  0.349     -763.6284154
1.396  0.524     -763.6299133
1.396  0.698     -763.6317477
1.396  0.873     -763.6340956
1.396  1.047     -763.6367238
1.396  1.222     -763.6394460
1.396  1.396     -763.6416220
1.396  1.571     -763.6429873
1.396  1.745     -763.6433968
1.396  1.920     -763.6429842
1.396  2.094     -763.6417651
1.396  2.269     -763.6397977
1.396  2.443     -763.6375335
1.396  2.618     -763.6351369
1.396  2.793     -763.6328981
1.396  2.967     -763.6309411
1.396  3.142     -763.6293999
1.396  3.316     -763.6270517
1.396  3.491     -763.6285731
1.396  3.665     -763.6304067
1.396  3.840     -763.6326152
1.396  4.014     -763.6351340
1.396  4.189     -763.6377380
1.396  4.363     -763.6399504
1.396  4.538     -763.6416433
1.396  4.712     -763.6422792
1.396  4.887     -763.6422820
1.396  5.061     -763.6417750
1.396  5.236     -763.6410878
1.396  5.411     -763.6401728
1.396  5.585     -763.6389011
1.396  5.760     -763.6371994
1.396  5.934     -763.6351691
1.396  6.109     -763.6328684
1.571  0.000     -763.6264783
1.571  0.175     -763.6277443
1.571  0.349     -763.6289889
1.571  0.524     -763.6306193
1.571  0.698     -763.6324940
1.571  0.873     -763.6348544
1.571  1.047     -763.6374744
1.571  1.222     -763.6400148
1.571  1.396     -763.6419587
1.571  1.571     -763.6431880
1.571  1.745     -763.6436666
1.571  1.920     -763.6431304
1.571  2.094     -763.6417608
1.571  2.269     -763.6396806
1.571  2.443     -763.6372388
1.571  2.618     -763.6346214
1.571  2.793     -763.6322076
1.571  2.967     -763.6300574
1.571  3.142     -763.6262437
1.571  3.316     -763.6278243
1.571  3.491     -763.6294854
1.571  3.665     -763.6313647
1.571  3.840     -763.6334540
1.571  4.014     -763.6357722
1.571  4.189     -763.6381870
1.571  4.363     -763.6402393
1.571  4.538     -763.6418068
1.571  4.712     -763.6424985
1.571  4.887     -763.6424058
1.571  5.061     -763.6419356
1.571  5.236     -763.6411429
1.571  5.411     -763.6400743
1.571  5.585     -763.6385781
1.571  5.760     -763.6367266
1.571  5.934     -763.6344638
1.571  6.109     -763.6319045
1.745  0.000     -763.6284408
1.745  0.175     -763.6295495
1.745  0.349     -763.6307637
1.745  0.524     -763.6321114
1.745  0.698     -763.6339552
1.745  0.873     -763.6361205
1.745  1.047     -763.6384420
1.745  1.222     -763.6406032
1.745  1.396     -763.6422816
1.745  1.571     -763.6433730
1.745  1.745     -763.6437155
1.745  1.920     -763.6431315
1.745  2.094     -763.6415980
1.745  2.269     -763.6394905
1.745  2.443     -763.6367910
1.745  2.618     -763.6340965
1.745  2.793     -763.6313838
1.745  2.967     -763.6266181
1.745  3.142     -763.6281489
1.745  3.316     -763.6297472
1.745  3.491     -763.6312569
1.745  3.665     -763.6329597
1.745  3.840     -763.6348896
1.745  4.014     -763.6368812
1.745  4.189     -763.6388701
1.745  4.363     -763.6406511
1.745  4.538     -763.6419058
1.745  4.712     -763.6425175
1.745  4.887     -763.6424728
1.745  5.061     -763.6418972
1.745  5.236     -763.6410092
1.745  5.411     -763.6396988
1.745  5.585     -763.6381500
1.745  5.760     -763.6361134
1.745  5.934     -763.6335495
1.745  6.109     -763.6269393
1.920  0.000     -763.6310243
1.920  0.175     -763.6320377
1.920  0.349     -763.6329105
1.920  0.524     -763.6341878
1.920  0.698     -763.6356723
1.920  0.873     -763.6375229
1.920  1.047     -763.6394366
1.920  1.222     -763.6411361
1.920  1.396     -763.6424016
1.920  1.571     -763.6432629
1.920  1.745     -763.6434710
1.920  1.920     -763.6428202
1.920  2.094     -763.6412083
1.920  2.269     -763.6389008
1.920  2.443     -763.6361056
1.920  2.618     -763.6330935
1.920  2.793     -763.6274787
1.920  2.967     -763.6292306
1.920  3.142     -763.6306534
1.920  3.316     -763.6320706
1.920  3.491     -763.6334242
1.920  3.665     -763.6347858
1.920  3.840     -763.6364353
1.920  4.014     -763.6380228
1.920  4.189     -763.6394875
1.920  4.363     -763.6408628
1.920  4.538     -763.6417526
1.920  4.712     -763.6422575
1.920  4.887     -763.6422087
1.920  5.061     -763.6415141
1.920  5.236     -763.6404624
1.920  5.411     -763.6390718
1.920  5.585     -763.6372525
1.920  5.760     -763.6350752
1.920  5.934     -763.6279900
1.920  6.109     -763.6297015
2.094  0.000     -763.6336870
2.094  0.175     -763.6345093
2.094  0.349     -763.6351767
2.094  0.524     -763.6361395
2.094  0.698     -763.6373730
2.094  0.873     -763.6388426
2.094  1.047     -763.6402501
2.094  1.222     -763.6415232
2.094  1.396     -763.6424920
2.094  1.571     -763.6429387
2.094  1.745     -763.6429276
2.094  1.920     -763.6420391
2.094  2.094     -763.6403173
2.094  2.269     -763.6378614
2.094  2.443     -763.6348293
2.094  2.618     -763.6281628
2.094  2.793     -763.6301750
2.094  2.967     -763.6319080
2.094  3.142     -763.6332241
2.094  3.316     -763.6344505
2.094  3.491     -763.6355491
2.094  3.665     -763.6366703
2.094  3.840     -763.6378981
2.094  4.014     -763.6390165
2.094  4.189     -763.6400142
2.094  4.363     -763.6409643
2.094  4.538     -763.6414692
2.094  4.712     -763.6417137
2.094  4.887     -763.6414831
2.094  5.061     -763.6407139
2.094  5.236     -763.6394064
2.094  5.411     -763.6378842
2.094  5.585     -763.6359585
2.094  5.760     -763.6287939
2.094  5.934     -763.6309598
2.094  6.109     -763.6325616
2.269  0.000     -763.6361425
2.269  0.175     -763.6367824
2.269  0.349     -763.6372684
2.269  0.524     -763.6379191
2.269  0.698     -763.6388649
2.269  0.873     -763.6399004
2.269  1.047     -763.6408475
2.269  1.222     -763.6416710
2.269  1.396     -763.6421630
2.269  1.571     -763.6424104
2.269  1.745     -763.6419373
2.269  1.920     -763.6408134
2.269  2.094     -763.6388544
2.269  2.269     -763.6362665
2.269  2.443     -763.6284204
2.269  2.618     -763.6308223
2.269  2.793     -763.6327087
2.269  2.967     -763.6342296
2.269  3.142     -763.6354238
2.269  3.316     -763.6365326
2.269  3.491     -763.6374154
2.269  3.665     -763.6383245
2.269  3.840     -763.6391740
2.269  4.014     -763.6399782
2.269  4.189     -763.6405283
2.269  4.363     -763.6409322
2.269  4.538     -763.6410997
2.269  4.712     -763.6409357
2.269  4.887     -763.6404282
2.269  5.061     -763.6393952
2.269  5.236     -763.6379985
2.269  5.411     -763.6361965
2.269  5.585     -763.6290736
2.269  5.760     -763.6317561
2.269  5.934     -763.6336781
2.269  6.109     -763.6351724
2.443  0.000     -763.6381809
2.443  0.175     -763.6386146
2.443  0.349     -763.6389629
2.443  0.524     -763.6392898
2.443  0.698     -763.6399001
2.443  0.873     -763.6407277
2.443  1.047     -763.6413268
2.443  1.222     -763.6417151
2.443  1.396     -763.6418041
2.443  1.571     -763.6416321
2.443  1.745     -763.6407856
2.443  1.920     -763.6392359
2.443  2.094     -763.6368739
2.443  2.269     -763.6286420
2.443  2.443     -763.6309301
2.443  2.618     -763.6330888
2.443  2.793     -763.6347897
2.443  2.967     -763.6361409
2.443  3.142     -763.6373457
2.443  3.316     -763.6381133
2.443  3.491     -763.6389585
2.443  3.665     -763.6396090
2.443  3.840     -763.6401644
2.443  4.014     -763.6405675
2.443  4.189     -763.6408047
2.443  4.363     -763.6406879
2.443  4.538     -763.6403835
2.443  4.712     -763.6398759
2.443  4.887     -763.6389469
2.443  5.061     -763.6375974
2.443  5.236     -763.6358803
2.443  5.411     -763.6288725
2.443  5.585     -763.6318711
2.443  5.760     -763.6342877
2.443  5.934     -763.6360702
2.443  6.109     -763.6374017
2.618  0.000     -763.6397257
2.618  0.175     -763.6400575
2.618  0.349     -763.6401432
2.618  0.524     -763.6403214
2.618  0.698     -763.6407582
2.618  0.873     -763.6413139
2.618  1.047     -763.6416048
2.618  1.222     -763.6416442
2.618  1.396     -763.6412490
2.618  1.571     -763.6404756
2.618  1.745     -763.6392087
2.618  1.920     -763.6371073
2.618  2.094     -763.6287190
2.618  2.269     -763.6306590
2.618  2.443     -763.6327477
2.618  2.618     -763.6348093
2.618  2.793     -763.6364502
2.618  2.967     -763.6377308
2.618  3.142     -763.6386726
2.618  3.316     -763.6394629
2.618  3.491     -763.6400488
2.618  3.665     -763.6405956
2.618  3.840     -763.6409216
2.618  4.014     -763.6410344
2.618  4.189     -763.6407991
2.618  4.363     -763.6402943
2.618  4.538     -763.6394901
2.618  4.712     -763.6383913
2.618  4.887     -763.6370053
2.618  5.061     -763.6352141
2.618  5.236     -763.6283919
2.618  5.411     -763.6313748
2.618  5.585     -763.6341027
2.618  5.760     -763.6363914
2.618  5.934     -763.6380457
2.618  6.109     -763.6391503
2.793  0.000     -763.6410224
2.793  0.175     -763.6411535
2.793  0.349     -763.6410763
2.793  0.524     -763.6411126
2.793  0.698     -763.6413582
2.793  0.873     -763.6416875
2.793  1.047     -763.6417534
2.793  1.222     -763.6414225
2.793  1.396     -763.6406040
2.793  1.571     -763.6393924
2.793  1.745     -763.6375039
2.793  1.920     -763.6348475
2.793  2.094     -763.6307452
2.793  2.269     -763.6325275
2.793  2.443     -763.6344281
2.793  2.618     -763.6363087
2.793  2.793     -763.6378122
2.793  2.967     -763.6388777
2.793  3.142     -763.6397103
2.793  3.316     -763.6403985
2.793  3.491     -763.6409469
2.793  3.665     -763.6413412
2.793  3.840     -763.6415233
2.793  4.014     -763.6413541
2.793  4.189     -763.6407026
2.793  4.363     -763.6398223
2.793  4.538     -763.6384065
2.793  4.712     -763.6368641
2.793  4.887     -763.6348563
2.793  5.061     -763.6283672
2.793  5.236     -763.6306532
2.793  5.411     -763.6334882
2.793  5.585     -763.6360639
2.793  5.760     -763.6381300
2.793  5.934     -763.6396034
2.793  6.109     -763.6405155
2.967  0.000     -763.6419514
2.967  0.175     -763.6419247
2.967  0.349     -763.6417599
2.967  0.524     -763.6417002
2.967  0.698     -763.6418461
2.967  0.873     -763.6419224
2.967  1.047     -763.6418978
2.967  1.222     -763.6412377
2.967  1.396     -763.6400744
2.967  1.571     -763.6382540
2.967  1.745     -763.6357320
2.967  1.920     -763.6313001
2.967  2.094     -763.6327681
2.967  2.269     -763.6343372
2.967  2.443     -763.6359384
2.967  2.618     -763.6375085
2.967  2.793     -763.6387262
2.967  2.967     -763.6397320
2.967  3.142     -763.6405080
2.967  3.316     -763.6410941
2.967  3.491     -763.6415807
2.967  3.665     -763.6418370
2.967  3.840     -763.6419422
2.967  4.014     -763.6416224
2.967  4.189     -763.6406788
2.967  4.363     -763.6392505
2.967  4.538     -763.6372852
2.967  4.712     -763.6350033
2.967  4.887     -763.6328165
2.967  5.061     -763.6307196
2.967  5.236     -763.6328314
2.967  5.411     -763.6354266
2.967  5.585     -763.6377397
2.967  5.760     -763.6395747
2.967  5.934     -763.6408047
2.967  6.109     -763.6416172
3.142  0.000     -763.6424462
3.142  0.175     -763.6424383
3.142  0.349     -763.6422575
3.142  0.524     -763.6421295
3.142  0.698     -763.6421290
3.142  0.873     -763.6421867
3.142  1.047     -763.6419936
3.142  1.222     -763.6412050
3.142  1.396     -763.6396004
3.142  1.571     -763.6374934
3.142  1.745     -763.6346328
3.142  1.920     -763.6334453
3.142  2.094     -763.6346754
3.142  2.269     -763.6359878
3.142  2.443     -763.6372504
3.142  2.618     -763.6383656
3.142  2.793     -763.6392528
3.142  2.967     -763.6400254
3.142  3.142     -763.6406800
3.142  3.316     -763.6413042
3.142  3.491     -763.6418211
3.142  3.665     -763.6422072
3.142  3.840     -763.6421843
3.142  4.014     -763.6416434
3.142  4.189     -763.6405149
3.142  4.363     -763.6388179
3.142  4.538     -763.6365513
3.142  4.712     -763.6341134
3.142  4.887     -763.6319561
3.142  5.061     -763.6329233
3.142  5.236     -763.6350304
3.142  5.411     -763.6372046
3.142  5.585     -763.6391408
3.142  5.760     -763.6405723
3.142  5.934     -763.6415530
3.142  6.109     -763.6421859
3.316  0.000     -763.6425023
3.316  0.175     -763.6423949
3.316  0.349     -763.6422285
3.316  0.524     -763.6421304
3.316  0.698     -763.6421030
3.316  0.873     -763.6422117
3.316  1.047     -763.6420489
3.316  1.222     -763.6412292
3.316  1.396     -763.6395729
3.316  1.571     -763.6373746
3.316  1.745     -763.6350706
3.316  1.920     -763.6357258
3.316  2.094     -763.6365111
3.316  2.269     -763.6372792
3.316  2.443     -763.6380178
3.316  2.618     -763.6385752
3.316  2.793     -763.6391752
3.316  2.967     -763.6397422
3.316  3.142     -763.6402339
3.316  3.316     -763.6408557
3.316  3.491     -763.6413280
3.316  3.665     -763.6418983
3.316  3.840     -763.6420186
3.316  4.014     -763.6414845
3.316  4.189     -763.6403085
3.316  4.363     -763.6384904
3.316  4.538     -763.6363143
3.316  4.712     -763.6342908
3.316  4.887     -763.6342537
3.316  5.061     -763.6353590
3.316  5.236     -763.6368600
3.316  5.411     -763.6385096
3.316  5.585     -763.6399731
3.316  5.760     -763.6409963
3.316  5.934     -763.6417670
3.316  6.109     -763.6423054
3.491  0.000     -763.6418846
3.491  0.175     -763.6416647
3.491  0.349     -763.6415012
3.491  0.524     -763.6414398
3.491  0.698     -763.6415176
3.491  0.873     -763.6416825
3.491  1.047     -763.6417434
3.491  1.222     -763.6411552
3.491  1.396     -763.6397674
3.491  1.571     -763.6380373
3.491  1.745     -763.6376917
3.491  1.920     -763.6379866
3.491  2.094     -763.6383048
3.491  2.269     -763.6384400
3.491  2.443     -763.6385222
3.491  2.618     -763.6385965
3.491  2.793     -763.6386844
3.491  2.967     -763.6389223
3.491  3.142     -763.6393045
3.491  3.316     -763.6397384
3.491  3.491     -763.6401981
3.491  3.665     -763.6407004
3.491  3.840     -763.6409470
3.491  4.014     -763.6406639
3.491  4.189     -763.6398012
3.491  4.363     -763.6383444
3.491  4.538     -763.6370057
3.491  4.712     -763.6364466
3.491  4.887     -763.6366007
3.491  5.061     -763.6375112
3.491  5.236     -763.6386109
3.491  5.411     -763.6395789
3.491  5.585     -763.6404682
3.491  5.760     -763.6411319
3.491  5.934     -763.6415367
3.491  6.109     -763.6417630
3.665  0.000     -763.6405088
3.665  0.175     -763.6401641
3.665  0.349     -763.6398809
3.665  0.524     -763.6398587
3.665  0.698     -763.6400145
3.665  0.873     -763.6404172
3.665  1.047     -763.6406780
3.665  1.222     -763.6405560
3.665  1.396     -763.6399438
3.665  1.571     -763.6399027
3.665  1.745     -763.6400794
3.665  1.920     -763.6402231
3.665  2.094     -763.6399411
3.665  2.269     -763.6395168
3.665  2.443     -763.6389707
3.665  2.618     -763.6384658
3.665  2.793     -763.6381344
3.665  2.967     -763.6379227
3.665  3.142     -763.6378253
3.665  3.316     -763.6379554
3.665  3.491     -763.6381921
3.665  3.665     -763.6386034
3.665  3.840     -763.6389193
3.665  4.014     -763.6390691
3.665  4.189     -763.6387756
3.665  4.363     -763.6383485
3.665  4.538     -763.6384155
3.665  4.712     -763.6385647
3.665  4.887     -763.6389218
3.665  5.061     -763.6392671
3.665  5.236     -763.6398021
3.665  5.411     -763.6402776
3.665  5.585     -763.6407234
3.665  5.760     -763.6408537
3.665  5.934     -763.6409316
3.665  6.109     -763.6407592
3.840  0.000     -763.6386915
3.840  0.175     -763.6380844
3.840  0.349     -763.6375538
3.840  0.524     -763.6375391
3.840  0.698     -763.6378460
3.840  0.873     -763.6384371
3.840  1.047     -763.6391532
3.840  1.222     -763.6398740
3.840  1.396     -763.6407697
3.840  1.571     -763.6416327
3.840  1.745     -763.6420938
3.840  1.920     -763.6419109
3.840  2.094     -763.6412092
3.840  2.269     -763.6402688
3.840  2.443     -763.6393082
3.840  2.618     -763.6382533
3.840  2.793     -763.6373853
3.840  2.967     -763.6366392
3.840  3.142     -763.6361778
3.840  3.316     -763.6358338
3.840  3.491     -763.6357465
3.840  3.665     -763.6359400
3.840  3.840     -763.6363701
3.840  4.014     -763.6367981
3.840  4.189     -763.6375203
3.840  4.363     -763.6388231
3.840  4.538     -763.6398469
3.840  4.712     -763.6403601
3.840  4.887     -763.6406209
3.840  5.061     -763.6407518
3.840  5.236     -763.6408073
3.840  5.411     -763.6408240
3.840  5.585     -763.6407451
3.840  5.760     -763.6405436
3.840  5.934     -763.6400320
3.840  6.109     -763.6393790
4.014  0.000     -763.6367343
4.014  0.175     -763.6356261
4.014  0.349     -763.6350340
4.014  0.524     -763.6350032
4.014  0.698     -763.6354929
4.014  0.873     -763.6364443
4.014  1.047     -763.6378372
4.014  1.222     -763.6396206
4.014  1.396     -763.6414028
4.014  1.571     -763.6427657
4.014  1.745     -763.6433835
4.014  1.920     -763.6430628
4.014  2.094     -763.6421278
4.014  2.269     -763.6407977
4.014  2.443     -763.6393042
4.014  2.618     -763.6378650
4.014  2.793     -763.6364613
4.014  2.967     -763.6351787
4.014  3.142     -763.6341853
4.014  3.316     -763.6335012
4.014  3.491     -763.6331170
4.014  3.665     -763.6331404
4.014  3.840     -763.6337296
4.014  4.014     -763.6349146
4.014  4.189     -763.6369028
4.014  4.363     -763.6390906
4.014  4.538     -763.6407644
4.014  4.712     -763.6415719
4.014  4.887     -763.6417186
4.014  5.061     -763.6416606
4.014  5.236     -763.6413148
4.014  5.411     -763.6410596
4.014  5.585     -763.6405739
4.014  5.760     -763.6398570
4.014  5.934     -763.6389677
4.014  6.109     -763.6378520
4.189  0.000     -763.6347042
4.189  0.175     -763.6333305
4.189  0.349     -763.6325481
4.189  0.524     -763.6326403
4.189  0.698     -763.6335874
4.189  0.873     -763.6350493
4.189  1.047     -763.6371059
4.189  1.222     -763.6394559
4.189  1.396     -763.6417756
4.189  1.571     -763.6433565
4.189  1.745     -763.6440511
4.189  1.920     -763.6436324
4.189  2.094     -763.6425336
4.189  2.269     -763.6409166
4.189  2.443     -763.6390494
4.189  2.618     -763.6371972
4.189  2.793     -763.6352946
4.189  2.967     -763.6335339
4.189  3.142     -763.6321637
4.189  3.316     -763.6311359
4.189  3.491     -763.6305436
4.189  3.665     -763.6306104
4.189  3.840     -763.6315717
4.189  4.014     -763.6337547
4.189  4.189     -763.6364202
4.189  4.363     -763.6390259
4.189  4.538     -763.6410275
4.189  4.712     -763.6420053
4.189  4.887     -763.6421807
4.189  5.061     -763.6419448
4.189  5.236     -763.6414404
4.189  5.411     -763.6408789
4.189  5.585     -763.6401589
4.189  5.760     -763.6391010
4.189  5.934     -763.6377716
4.189  6.109     -763.6362836
4.363  0.000     -763.6328839
4.363  0.175     -763.6312313
4.363  0.349     -763.6303102
4.363  0.524     -763.6307805
4.363  0.698     -763.6322304
4.363  0.873     -763.6343286
4.363  1.047     -763.6366582
4.363  1.222     -763.6393032
4.363  1.396     -763.6417298
4.363  1.571     -763.6434389
4.363  1.745     -763.6441140
4.363  1.920     -763.6437569
4.363  2.094     -763.6425063
4.363  2.269     -763.6407364
4.363  2.443     -763.6386434
4.363  2.618     -763.6363751
4.363  2.793     -763.6340633
4.363  2.967     -763.6319316
4.363  3.142     -763.6301396
4.363  3.316     -763.6288370
4.363  3.491     -763.6282498
4.363  3.665     -763.6284293
4.363  3.840     -763.6306563
4.363  4.014     -763.6332862
4.363  4.189     -763.6360385
4.363  4.363     -763.6386794
4.363  4.538     -763.6407503
4.363  4.712     -763.6419152
4.363  4.887     -763.6421864
4.363  5.061     -763.6418128
4.363  5.236     -763.6412928
4.363  5.411     -763.6405299
4.363  5.585     -763.6395956
4.363  5.760     -763.6382333
4.363  5.934     -763.6366104
4.363  6.109     -763.6347732
4.538  0.000     -763.6311809
4.538  0.175     -763.6293817
4.538  0.349     -763.6281889
4.538  0.524     -763.6299512
4.538  0.698     -763.6317384
4.538  0.873     -763.6340042
4.538  1.047     -763.6365479
4.538  1.222     -763.6392014
4.538  1.396     -763.6415212
4.538  1.571     -763.6431032
4.538  1.745     -763.6438447
4.538  1.920     -763.6435584
4.538  2.094     -763.6422245
4.538  2.269     -763.6402534
4.538  2.443     -763.6379533
4.538  2.618     -763.6354519
4.538  2.793     -763.6328803
4.538  2.967     -763.6305110
4.538  3.142     -763.6284412
4.538  3.316     -763.6269654
4.538  3.491     -763.6263778
4.538  3.665     -763.6283387
4.538  3.840     -763.6306802
4.538  4.014     -763.6331775
4.538  4.189     -763.6358229
4.538  4.363     -763.6383215
4.538  4.538     -763.6402516
4.538  4.712     -763.6414334
4.538  4.887     -763.6417814
4.538  5.061     -763.6415328
4.538  5.236     -763.6409227
4.538  5.411     -763.6400029
4.538  5.585     -763.6388615
4.538  5.760     -763.6372985
4.538  5.934     -763.6354774
4.538  6.109     -763.6333220
4.712  0.000     -763.6295779
4.712  0.175     -763.6272846
4.712  0.349     -763.6285584
4.712  0.524     -763.6300453
4.712  0.698     -763.6319502
4.712  0.873     -763.6341234
4.712  1.047     -763.6365512
4.712  1.222     -763.6390625
4.712  1.396     -763.6411911
4.712  1.571     -763.6426605
4.712  1.745     -763.6433406
4.712  1.920     -763.6431235
4.712  2.094     -763.6417717
4.712  2.269     -763.6397161
4.712  2.443     -763.6372119
4.712  2.618     -763.6344521
4.712  2.793     -763.6316541
4.712  2.967     -763.6290766
4.712  3.142     -763.6238137
4.712  3.316     -763.6254536
4.712  3.491     -763.6270200
4.712  3.665     -763.6289608
4.712  3.840     -763.6312130
4.712  4.014     -763.6336223
4.712  4.189     -763.6358519
4.712  4.363     -763.6380481
4.712  4.538     -763.6397653
4.712  4.712     -763.6408648
4.712  4.887     -763.6413080
4.712  5.061     -763.6410357
4.712  5.236     -763.6404224
4.712  5.411     -763.6394150
4.712  5.585     -763.6381427
4.712  5.760     -763.6363984
4.712  5.934     -763.6343049
4.712  6.109     -763.6319860
4.887  0.000     -763.6271118
4.887  0.175     -763.6283344
4.887  0.349     -763.6294840
4.887  0.524     -763.6308498
4.887  0.698     -763.6325288
4.887  0.873     -763.6346042
4.887  1.047     -763.6368370
4.887  1.222     -763.6389971
4.887  1.396     -763.6408609
4.887  1.571     -763.6421889
4.887  1.745     -763.6428820
4.887  1.920     -763.6425140
4.887  2.094     -763.6412157
4.887  2.269     -763.6390090
4.887  2.443     -763.6363550
4.887  2.618     -763.6334089
4.887  2.793     -763.6304059
4.887  2.967     -763.6238149
4.887  3.142     -763.6254325
4.887  3.316     -763.6269292
4.887  3.491     -763.6285413
4.887  3.665     -763.6302703
4.887  3.840     -763.6322410
4.887  4.014     -763.6342782
4.887  4.189     -763.6361834
4.887  4.363     -763.6379001
4.887  4.538     -763.6392928
4.887  4.712     -763.6402576
4.887  4.887     -763.6406813
4.887  5.061     -763.6404362
4.887  5.236     -763.6396830
4.887  5.411     -763.6386246
4.887  5.585     -763.6372094
4.887  5.760     -763.6352868
4.887  5.934     -763.6331200
4.887  6.109     -763.6256147
5.061  0.000     -763.6290889
5.061  0.175     -763.6300771
5.061  0.349     -763.6310328
5.061  0.524     -763.6321854
5.061  0.698     -763.6336968
5.061  0.873     -763.6354308
5.061  1.047     -763.6372783
5.061  1.222     -763.6389806
5.061  1.396     -763.6405395
5.061  1.571     -763.6416525
5.061  1.745     -763.6421904
5.061  1.920     -763.6417346
5.061  2.094     -763.6402739
5.061  2.269     -763.6379997
5.061  2.443     -763.6351572
5.061  2.618     -763.6321209
5.061  2.793     -763.6244040
5.061  2.967     -763.6261693
5.061  3.142     -763.6277677
5.061  3.316     -763.6291317
5.061  3.491     -763.6305704
5.061  3.665     -763.6320471
5.061  3.840     -763.6336754
5.061  4.014     -763.6353414
5.061  4.189     -763.6367399
5.061  4.363     -763.6379765
5.061  4.538     -763.6389152
5.061  4.712     -763.6396988
5.061  4.887     -763.6400156
5.061  5.061     -763.6396736
5.061  5.236     -763.6387874
5.061  5.411     -763.6376750
5.061  5.585     -763.6360510
5.061  5.760     -763.6340779
5.061  5.934     -763.6259423
5.061  6.109     -763.6278214
5.236  0.000     -763.6315206
5.236  0.175     -763.6322699
5.236  0.349     -763.6330932
5.236  0.524     -763.6339197
5.236  0.698     -763.6350539
5.236  0.873     -763.6364407
5.236  1.047     -763.6377792
5.236  1.222     -763.6391301
5.236  1.396     -763.6402363
5.236  1.571     -763.6411438
5.236  1.745     -763.6413440
5.236  1.920     -763.6406726
5.236  2.094     -763.6390940
5.236  2.269     -763.6366168
5.236  2.443     -763.6336129
5.236  2.618     -763.6252261
5.236  2.793     -763.6273477
5.236  2.967     -763.6290904
5.236  3.142     -763.6305239
5.236  3.316     -763.6317722
5.236  3.491     -763.6329867
5.236  3.665     -763.6341594
5.236  3.840     -763.6353746
5.236  4.014     -763.6365219
5.236  4.189     -763.6374473
5.236  4.363     -763.6381694
5.236  4.538     -763.6387447
5.236  4.712     -763.6391425
5.236  4.887     -763.6392225
5.236  5.061     -763.6386684
5.236  5.236     -763.6376640
5.236  5.411     -763.6363487
5.236  5.585     -763.6346470
5.236  5.760     -763.6266252
5.236  5.934     -763.6287063
5.236  6.109     -763.6303753
5.411  0.000     -763.6342029
5.411  0.175     -763.6348221
5.411  0.349     -763.6352291
5.411  0.524     -763.6359423
5.411  0.698     -763.6368087
5.411  0.873     -763.6376804
5.411  1.047     -763.6385743
5.411  1.222     -763.6394063
5.411  1.396     -763.6400873
5.411  1.571     -763.6405340
5.411  1.745     -763.6403724
5.411  1.920     -763.6393987
5.411  2.094     -763.6374678
5.411  2.269     -763.6347662
5.411  2.443     -763.6259023
5.411  2.618     -763.6284701
5.411  2.793     -763.6305665
5.411  2.967     -763.6321793
5.411  3.142     -763.6335486
5.411  3.316     -763.6345118
5.411  3.491     -763.6355046
5.411  3.665     -763.6364140
5.411  3.840     -763.6373350
5.411  4.014     -763.6379456
5.411  4.189     -763.6382908
5.411  4.363     -763.6384873
5.411  4.538     -763.6385849
5.411  4.712     -763.6385199
5.411  4.887     -763.6382852
5.411  5.061     -763.6374119
5.411  5.236     -763.6361834
5.411  5.411     -763.6346636
5.411  5.585     -763.6271732
5.411  5.760     -763.6298719
5.411  5.934     -763.6318567
5.411  6.109     -763.6332635
5.585  0.000     -763.6369312
5.585  0.175     -763.6373748
5.585  0.349     -763.6376896
5.585  0.524     -763.6379905
5.585  0.698     -763.6384874
5.585  0.873     -763.6389783
5.585  1.047     -763.6394179
5.585  1.222     -763.6397229
5.585  1.396     -763.6399679
5.585  1.571     -763.6398293
5.585  1.745     -763.6392152
5.585  1.920     -763.6377433
5.585  2.094     -763.6353324
5.585  2.269     -763.6266731
5.585  2.443     -763.6292928
5.585  2.618     -763.6317318
5.585  2.793     -763.6337964
5.585  2.967     -763.6353297
5.585  3.142     -763.6364319
5.585  3.316     -763.6373000
5.585  3.491     -763.6379923
5.585  3.665     -763.6387074
5.585  3.840     -763.6391845
5.585  4.014     -763.6394047
5.585  4.189     -763.6393053
5.585  4.363     -763.6389687
5.585  4.538     -763.6384950
5.585  4.712     -763.6379330
5.585  4.887     -763.6371623
5.585  5.061     -763.6358686
5.585  5.236     -763.6343290
5.585  5.411     -763.6278245
5.585  5.585     -763.6308611
5.585  5.760     -763.6333213
5.585  5.934     -763.6350328
5.585  6.109     -763.6363091
5.760  0.000     -763.6395764
5.760  0.175     -763.6398561
5.760  0.349     -763.6398817
5.760  0.524     -763.6400324
5.760  0.698     -763.6402330
5.760  0.873     -763.6403736
5.760  1.047     -763.6403907
5.760  1.222     -763.6401953
5.760  1.396     -763.6397871
5.760  1.571     -763.6389635
5.760  1.745     -763.6378334
5.760  1.920     -763.6357997
5.760  2.094     -763.6276127
5.760  2.269     -763.6300731
5.760  2.443     -763.6326055
5.760  2.618     -763.6349397
5.760  2.793     -763.6367769
5.760  2.967     -763.6380948
5.760  3.142     -763.6390643
5.760  3.316     -763.6397783
5.760  3.491     -763.6403741
5.760  3.665     -763.6408831
5.760  3.840     -763.6409885
5.760  4.014     -763.6408268
5.760  4.189     -763.6402856
5.760  4.363     -763.6394844
5.760  4.538     -763.6384467
5.760  4.712     -763.6371880
5.760  4.887     -763.6357820
5.760  5.061     -763.6340625
5.760  5.236     -763.6282788
5.760  5.411     -763.6314014
5.760  5.585     -763.6342544
5.760  5.760     -763.6364048
5.760  5.934     -763.6379943
5.760  6.109     -763.6390640
5.934  0.000     -763.6417431
5.934  0.175     -763.6418336
5.934  0.349     -763.6417768
5.934  0.524     -763.6417653
5.934  0.698     -763.6418107
5.934  0.873     -763.6417325
5.934  1.047     -763.6413478
5.934  1.222     -763.6406351
5.934  1.396     -763.6396056
5.934  1.571     -763.6381279
5.934  1.745     -763.6363295
5.934  1.920     -763.6290013
5.934  2.094     -763.6310191
5.934  2.269     -763.6332668
5.934  2.443     -763.6355567
5.934  2.618     -763.6375954
5.934  2.793     -763.6391543
5.934  2.967     -763.6403743
5.934  3.142     -763.6412022
5.934  3.316     -763.6418832
5.934  3.491     -763.6423078
5.934  3.665     -763.6426407
5.934  3.840     -763.6425459
5.934  4.014     -763.6421308
5.934  4.189     -763.6412749
5.934  4.363     -763.6399535
5.934  4.538     -763.6382900
5.934  4.712     -763.6364391
5.934  4.887     -763.6344718
5.934  5.061     -763.6294771
5.934  5.236     -763.6319546
5.934  5.411     -763.6346798
5.934  5.585     -763.6372103
5.934  5.760     -763.6390189
5.934  5.934     -763.6404672
5.934  6.109     -763.6413268
6.109  0.000     -763.6431253
6.109  0.175     -763.6431597
6.109  0.349     -763.6430379
6.109  0.524     -763.6429613
6.109  0.698     -763.6429270
6.109  0.873     -763.6427450
6.109  1.047     -763.6421674
6.109  1.222     -763.6410727
6.109  1.396     -763.6395748
6.109  1.571     -763.6375379
6.109  1.745     -763.6351979
6.109  1.920     -763.6322273
6.109  2.094     -763.6340496
6.109  2.269     -763.6360076
6.109  2.443     -763.6379085
6.109  2.618     -763.6395138
6.109  2.793     -763.6407685
6.109  2.967     -763.6418226
6.109  3.142     -763.6425509
6.109  3.316     -763.6431627
6.109  3.491     -763.6435937
6.109  3.665     -763.6438417
6.109  3.840     -763.6436643
6.109  4.014     -763.6430731
6.109  4.189     -763.6418155
6.109  4.363     -763.6401371
6.109  4.538     -763.6378986
6.109  4.712     -763.6356717
6.109  4.887     -763.6317800
6.109  5.061     -763.6329010
6.109  5.236     -763.6350437
6.109  5.411     -763.6373144
6.109  5.585     -763.6394347
6.109  5.760     -763.6409562
6.109  5.934     -763.6422111
6.109  6.109     -763.6428570
