000  000     -763.6441140
000  010     -763.6437569
000  020     -763.6425063
000  030     -763.6407364
000  040     -763.6386434
000  050     -763.6363751
000  060     -763.6340633
000  070     -763.6319316
000  080     -763.6301396
000  090     -763.6288370
000  100     -763.6282498
000  110     -763.6284293
000  120     -763.6306563
000  130     -763.6332862
000  140     -763.6360385
000  150     -763.6386794
000  160     -763.6407503
000  170     -763.6419152
000  180     -763.6421864
000  190     -763.6418128
000  200     -763.6412928
000  210     -763.6405299
000  220     -763.6395956
000  230     -763.6382333
000  240     -763.6366104
000  250     -763.6347732
000  260     -763.6328839
000  270     -763.6312313
000  280     -763.6303102
000  290     -763.6307805
000  300     -763.6322304
000  310     -763.6343286
000  320     -763.6366582
000  330     -763.6393032
000  340     -763.6417298
000  350     -763.6434389
010  000     -763.6438447
010  010     -763.6435584
010  020     -763.6422245
010  030     -763.6402534
010  040     -763.6379533
010  050     -763.6354519
010  060     -763.6328803
010  070     -763.6305110
010  080     -763.6284412
010  090     -763.6269654
010  100     -763.6263778
010  110     -763.6283387
010  120     -763.6306802
010  130     -763.6331775
010  140     -763.6358229
010  150     -763.6383215
010  160     -763.6402516
010  170     -763.6414334
010  180     -763.6417814
010  190     -763.6415328
010  200     -763.6409227
010  210     -763.6400029
010  220     -763.6388615
010  230     -763.6372985
010  240     -763.6354774
010  250     -763.6333220
010  260     -763.6311809
010  270     -763.6293817
010  280     -763.6281889
010  290     -763.6299512
010  300     -763.6317384
010  310     -763.6340042
010  320     -763.6365479
010  330     -763.6392014
010  340     -763.6415212
010  350     -763.6431032
020  000     -763.6433406
020  010     -763.6431235
020  020     -763.6417717
020  030     -763.6397161
020  040     -763.6372119
020  050     -763.6344521
020  060     -763.6316541
020  070     -763.6290766
020  080     -763.6238137
020  090     -763.6254536
020  100     -763.6270200
020  110     -763.6289608
020  120     -763.6312130
020  130     -763.6336223
020  140     -763.6358519
020  150     -763.6380481
020  160     -763.6397653
020  170     -763.6408648
020  180     -763.6413080
020  190     -763.6410357
020  200     -763.6404224
020  210     -763.6394150
020  220     -763.6381427
020  230     -763.6363984
020  240     -763.6343049
020  250     -763.6319860
020  260     -763.6295779
020  270     -763.6272846
020  280     -763.6285584
020  290     -763.6300453
020  300     -763.6319502
020  310     -763.6341234
020  320     -763.6365512
020  330     -763.6390625
020  340     -763.6411911
020  350     -763.6426605
030  000     -763.6428820
030  010     -763.6425140
030  020     -763.6412157
030  030     -763.6390090
030  040     -763.6363550
030  050     -763.6334089
030  060     -763.6304059
030  070     -763.6238149
030  080     -763.6254325
030  090     -763.6269292
030  100     -763.6285413
030  110     -763.6302703
030  120     -763.6322410
030  130     -763.6342782
030  140     -763.6361834
030  150     -763.6379001
030  160     -763.6392928
030  170     -763.6402576
030  180     -763.6406813
030  190     -763.6404362
030  200     -763.6396830
030  210     -763.6386246
030  220     -763.6372094
030  230     -763.6352868
030  240     -763.6331200
030  250     -763.6256147
030  260     -763.6271118
030  270     -763.6283344
030  280     -763.6294840
030  290     -763.6308498
030  300     -763.6325288
030  310     -763.6346042
030  320     -763.6368370
030  330     -763.6389971
030  340     -763.6408609
030  350     -763.6421889
040  000     -763.6421904
040  010     -763.6417346
040  020     -763.6402739
040  030     -763.6379997
040  040     -763.6351572
040  050     -763.6321209
040  060     -763.6244040
040  070     -763.6261693
040  080     -763.6277677
040  090     -763.6291317
040  100     -763.6305704
040  110     -763.6320471
040  120     -763.6336754
040  130     -763.6353414
040  140     -763.6367399
040  150     -763.6379765
040  160     -763.6389152
040  170     -763.6396988
040  180     -763.6400156
040  190     -763.6396736
040  200     -763.6387874
040  210     -763.6376750
040  220     -763.6360510
040  230     -763.6340779
040  240     -763.6259423
040  250     -763.6278214
040  260     -763.6290889
040  270     -763.6300771
040  280     -763.6310328
040  290     -763.6321854
040  300     -763.6336968
040  310     -763.6354308
040  320     -763.6372783
040  330     -763.6389806
040  340     -763.6405395
040  350     -763.6416525
050  000     -763.6413440
050  010     -763.6406726
050  020     -763.6390940
050  030     -763.6366168
050  040     -763.6336129
050  050     -763.6252261
050  060     -763.6273477
050  070     -763.6290904
050  080     -763.6305239
050  090     -763.6317722
050  100     -763.6329867
050  110     -763.6341594
050  120     -763.6353746
050  130     -763.6365219
050  140     -763.6374473
050  150     -763.6381694
050  160     -763.6387447
050  170     -763.6391425
050  180     -763.6392225
050  190     -763.6386684
050  200     -763.6376640
050  210     -763.6363487
050  220     -763.6346470
050  230     -763.6266252
050  240     -763.6287063
050  250     -763.6303753
050  260     -763.6315206
050  270     -763.6322699
050  280     -763.6330932
050  290     -763.6339197
050  300     -763.6350539
050  310     -763.6364407
050  320     -763.6377792
050  330     -763.6391301
050  340     -763.6402363
050  350     -763.6411438
060  000     -763.6403724
060  010     -763.6393987
060  020     -763.6374678
060  030     -763.6347662
060  040     -763.6259023
060  050     -763.6284701
060  060     -763.6305665
060  070     -763.6321793
060  080     -763.6335486
060  090     -763.6345118
060  100     -763.6355046
060  110     -763.6364140
060  120     -763.6373350
060  130     -763.6379456
060  140     -763.6382908
060  150     -763.6384873
060  160     -763.6385849
060  170     -763.6385199
060  180     -763.6382852
060  190     -763.6374119
060  200     -763.6361834
060  210     -763.6346636
060  220     -763.6271732
060  230     -763.6298719
060  240     -763.6318567
060  250     -763.6332635
060  260     -763.6342029
060  270     -763.6348221
060  280     -763.6352291
060  290     -763.6359423
060  300     -763.6368087
060  310     -763.6376804
060  320     -763.6385743
060  330     -763.6394063
060  340     -763.6400873
060  350     -763.6405340
070  000     -763.6392152
070  010     -763.6377433
070  020     -763.6353324
070  030     -763.6266731
070  040     -763.6292928
070  050     -763.6317318
070  060     -763.6337964
070  070     -763.6353297
070  080     -763.6364319
070  090     -763.6373000
070  100     -763.6379923
070  110     -763.6387074
070  120     -763.6391845
070  130     -763.6394047
070  140     -763.6393053
070  150     -763.6389687
070  160     -763.6384950
070  170     -763.6379330
070  180     -763.6371623
070  190     -763.6358686
070  200     -763.6343290
070  210     -763.6278245
070  220     -763.6308611
070  230     -763.6333213
070  240     -763.6350328
070  250     -763.6363091
070  260     -763.6369312
070  270     -763.6373748
070  280     -763.6376896
070  290     -763.6379905
070  300     -763.6384874
070  310     -763.6389783
070  320     -763.6394179
070  330     -763.6397229
070  340     -763.6399679
070  350     -763.6398293
080  000     -763.6378334
080  010     -763.6357997
080  020     -763.6276127
080  030     -763.6300731
080  040     -763.6326055
080  050     -763.6349397
080  060     -763.6367769
080  070     -763.6380948
080  080     -763.6390643
080  090     -763.6397783
080  100     -763.6403741
080  110     -763.6408831
080  120     -763.6409885
080  130     -763.6408268
080  140     -763.6402856
080  150     -763.6394844
080  160     -763.6384467
080  170     -763.6371880
080  180     -763.6357820
080  190     -763.6340625
080  200     -763.6282788
080  210     -763.6314014
080  220     -763.6342544
080  230     -763.6364048
080  240     -763.6379943
080  250     -763.6390640
080  260     -763.6395764
080  270     -763.6398561
080  280     -763.6398817
080  290     -763.6400324
080  300     -763.6402330
080  310     -763.6403736
080  320     -763.6403907
080  330     -763.6401953
080  340     -763.6397871
080  350     -763.6389635
090  000     -763.6363295
090  010     -763.6290013
090  020     -763.6310191
090  030     -763.6332668
090  040     -763.6355567
090  050     -763.6375954
090  060     -763.6391543
090  070     -763.6403743
090  080     -763.6412022
090  090     -763.6418832
090  100     -763.6423078
090  110     -763.6426407
090  120     -763.6425459
090  130     -763.6421308
090  140     -763.6412749
090  150     -763.6399535
090  160     -763.6382900
090  170     -763.6364391
090  180     -763.6344718
090  190     -763.6294771
090  200     -763.6319546
090  210     -763.6346798
090  220     -763.6372103
090  230     -763.6390189
090  240     -763.6404672
090  250     -763.6413268
090  260     -763.6417431
090  270     -763.6418336
090  280     -763.6417768
090  290     -763.6417653
090  300     -763.6418107
090  310     -763.6417325
090  320     -763.6413478
090  330     -763.6406351
090  340     -763.6396056
090  350     -763.6381279
100  000     -763.6351979
100  010     -763.6322273
100  020     -763.6340496
100  030     -763.6360076
100  040     -763.6379085
100  050     -763.6395138
100  060     -763.6407685
100  070     -763.6418226
100  080     -763.6425509
100  090     -763.6431627
100  100     -763.6435937
100  110     -763.6438417
100  120     -763.6436643
100  130     -763.6430731
100  140     -763.6418155
100  150     -763.6401371
100  160     -763.6378986
100  170     -763.6356717
100  180     -763.6317800
100  190     -763.6329010
100  200     -763.6350437
100  210     -763.6373144
100  220     -763.6394347
100  230     -763.6409562
100  240     -763.6422111
100  250     -763.6428570
100  260     -763.6431253
100  270     -763.6431597
100  280     -763.6430379
100  290     -763.6429613
100  300     -763.6429270
100  310     -763.6427450
100  320     -763.6421674
100  330     -763.6410727
100  340     -763.6395748
100  350     -763.6375379
110  000     -763.6342848
110  010     -763.6352280
110  020     -763.6365376
110  030     -763.6380417
110  040     -763.6393608
110  050     -763.6404587
110  060     -763.6414133
110  070     -763.6421996
110  080     -763.6428839
110  090     -763.6433709
110  100     -763.6438132
110  110     -763.6441178
110  120     -763.6440218
110  130     -763.6433519
110  140     -763.6420431
110  150     -763.6399844
110  160     -763.6376096
110  170     -763.6348658
110  180     -763.6348721
110  190     -763.6359209
110  200     -763.6376613
110  210     -763.6393450
110  220     -763.6409144
110  230     -763.6419931
110  240     -763.6429324
110  250     -763.6435109
110  260     -763.6437008
110  270     -763.6436416
110  280     -763.6435019
110  290     -763.6434071
110  300     -763.6433446
110  310     -763.6431697
110  320     -763.6425224
110  330     -763.6412234
110  340     -763.6393592
110  350     -763.6370761
120  000     -763.6370779
120  010     -763.6376253
120  020     -763.6383059
120  030     -763.6390888
120  040     -763.6399235
120  050     -763.6405783
120  060     -763.6411359
120  070     -763.6417035
120  080     -763.6422510
120  090     -763.6426171
120  100     -763.6430431
120  110     -763.6434159
120  120     -763.6434093
120  130     -763.6428229
120  140     -763.6416272
120  150     -763.6399035
120  160     -763.6380612
120  170     -763.6374218
120  180     -763.6376684
120  190     -763.6383998
120  200     -763.6395423
120  210     -763.6406813
120  220     -763.6416702
120  230     -763.6424160
120  240     -763.6429794
120  250     -763.6432532
120  260     -763.6433426
120  270     -763.6432001
120  280     -763.6429771
120  290     -763.6428157
120  300     -763.6427479
120  310     -763.6427398
120  320     -763.6422194
120  330     -763.6409786
120  340     -763.6389306
120  350     -763.6361025
130  000     -763.6394027
130  010     -763.6395019
130  020     -763.6395952
130  030     -763.6397918
130  040     -763.6399789
130  050     -763.6401087
130  060     -763.6402612
130  070     -763.6404550
130  080     -763.6407706
130  090     -763.6411576
130  100     -763.6415100
130  110     -763.6417306
130  120     -763.6417704
130  130     -763.6414035
130  140     -763.6407365
130  150     -763.6400623
130  160     -763.6398089
130  170     -763.6397096
130  180     -763.6397668
130  190     -763.6402032
130  200     -763.6407310
130  210     -763.6413976
130  220     -763.6419602
130  230     -763.6422993
130  240     -763.6424284
130  250     -763.6424305
130  260     -763.6421812
130  270     -763.6418987
130  280     -763.6415511
130  290     -763.6413085
130  300     -763.6412464
130  310     -763.6412321
130  320     -763.6410610
130  330     -763.6401755
130  340     -763.6388981
130  350     -763.6391867
140  000     -763.6413029
140  010     -763.6411198
140  020     -763.6406648
140  030     -763.6401411
140  040     -763.6397126
140  050     -763.6393489
140  060     -763.6390581
140  070     -763.6389795
140  080     -763.6389941
140  090     -763.6390261
140  100     -763.6390752
140  110     -763.6392109
140  120     -763.6394363
140  130     -763.6396012
140  140     -763.6398875
140  150     -763.6406091
140  160     -763.6411942
140  170     -763.6412148
140  180     -763.6412547
140  190     -763.6413485
140  200     -763.6414606
140  210     -763.6417262
140  220     -763.6418320
140  230     -763.6417474
140  240     -763.6414327
140  250     -763.6410785
140  260     -763.6405144
140  270     -763.6398712
140  280     -763.6393317
140  290     -763.6389932
140  300     -763.6389328
140  310     -763.6390879
140  320     -763.6392803
140  330     -763.6394648
140  340     -763.6404769
140  350     -763.6411396
150  000     -763.6425549
150  010     -763.6421333
150  020     -763.6413227
150  030     -763.6403746
150  040     -763.6393659
150  050     -763.6385029
150  060     -763.6377528
150  070     -763.6371332
150  080     -763.6367353
150  090     -763.6364431
150  100     -763.6364592
150  110     -763.6367000
150  120     -763.6370976
150  130     -763.6378468
150  140     -763.6392575
150  150     -763.6407658
150  160     -763.6417267
150  170     -763.6420602
150  180     -763.6420066
150  190     -763.6418877
150  200     -763.6418229
150  210     -763.6416682
150  220     -763.6413421
150  230     -763.6409195
150  240     -763.6401763
150  250     -763.6393316
150  260     -763.6383425
150  270     -763.6372830
150  280     -763.6365752
150  290     -763.6363119
150  300     -763.6364423
150  310     -763.6368844
150  320     -763.6377627
150  330     -763.6394148
150  340     -763.6411710
150  350     -763.6423552
160  000     -763.6431983
160  010     -763.6427379
160  020     -763.6416643
160  030     -763.6403605
160  040     -763.6389006
160  050     -763.6375429
160  060     -763.6363224
160  070     -763.6352753
160  080     -763.6345120
160  090     -763.6339642
160  100     -763.6338585
160  110     -763.6342143
160  120     -763.6350818
160  130     -763.6365297
160  140     -763.6385341
160  150     -763.6404881
160  160     -763.6417545
160  170     -763.6421986
160  180     -763.6421798
160  190     -763.6420072
160  200     -763.6417155
160  210     -763.6412370
160  220     -763.6406365
160  230     -763.6398674
160  240     -763.6386793
160  250     -763.6374176
160  260     -763.6359973
160  270     -763.6346929
160  280     -763.6339492
160  290     -763.6336944
160  300     -763.6342403
160  310     -763.6352665
160  320     -763.6369824
160  330     -763.6391837
160  340     -763.6412522
160  350     -763.6427468
170  000     -763.6433016
170  010     -763.6428858
170  020     -763.6417197
170  030     -763.6400867
170  040     -763.6382894
170  050     -763.6366091
170  060     -763.6349685
170  070     -763.6334629
170  080     -763.6324086
170  090     -763.6317306
170  100     -763.6316800
170  110     -763.6321609
170  120     -763.6336589
170  130     -763.6355492
170  140     -763.6379109
170  150     -763.6400464
170  160     -763.6415570
170  170     -763.6421859
170  180     -763.6421524
170  190     -763.6418609
170  200     -763.6413855
170  210     -763.6407851
170  220     -763.6399067
170  230     -763.6387898
170  240     -763.6372500
170  250     -763.6355889
170  260     -763.6338458
170  270     -763.6323267
170  280     -763.6315670
170  290     -763.6317914
170  300     -763.6327883
170  310     -763.6342609
170  320     -763.6365222
170  330     -763.6390291
170  340     -763.6413115
170  350     -763.6427821
180  000     -763.6433333
180  010     -763.6428667
180  020     -763.6417060
180  030     -763.6399419
180  040     -763.6379127
180  050     -763.6357966
180  060     -763.6337984
180  070     -763.6320387
180  080     -763.6306626
180  090     -763.6298011
180  100     -763.6294899
180  110     -763.6307659
180  120     -763.6326877
180  130     -763.6350710
180  140     -763.6376499
180  150     -763.6398470
180  160     -763.6415443
180  170     -763.6421266
180  180     -763.6421446
180  190     -763.6417012
180  200     -763.6411188
180  210     -763.6403693
180  220     -763.6392753
180  230     -763.6378524
180  240     -763.6360337
180  250     -763.6339854
180  260     -763.6320104
180  270     -763.6304227
180  280     -763.6298114
180  290     -763.6303745
180  300     -763.6318344
180  310     -763.6338689
180  320     -763.6364217
180  330     -763.6391032
180  340     -763.6414027
180  350     -763.6428097
190  000     -763.6433968
190  010     -763.6429842
190  020     -763.6417651
190  030     -763.6397977
190  040     -763.6375335
190  050     -763.6351369
190  060     -763.6328981
190  070     -763.6309411
190  080     -763.6293999
190  090     -763.6270517
190  100     -763.6285731
190  110     -763.6304067
190  120     -763.6326152
190  130     -763.6351340
190  140     -763.6377380
190  150     -763.6399504
190  160     -763.6416433
190  170     -763.6422792
190  180     -763.6422820
190  190     -763.6417750
190  200     -763.6410878
190  210     -763.6401728
190  220     -763.6389011
190  230     -763.6371994
190  240     -763.6351691
190  250     -763.6328684
190  260     -763.6305878
190  270     -763.6289726
190  280     -763.6284154
190  290     -763.6299133
190  300     -763.6317477
190  310     -763.6340956
190  320     -763.6367238
190  330     -763.6394460
190  340     -763.6416220
190  350     -763.6429873
200  000     -763.6436666
200  010     -763.6431304
200  020     -763.6417608
200  030     -763.6396806
200  040     -763.6372388
200  050     -763.6346214
200  060     -763.6322076
200  070     -763.6300574
200  080     -763.6262437
200  090     -763.6278243
200  100     -763.6294854
200  110     -763.6313647
200  120     -763.6334540
200  130     -763.6357722
200  140     -763.6381870
200  150     -763.6402393
200  160     -763.6418068
200  170     -763.6424985
200  180     -763.6424058
200  190     -763.6419356
200  200     -763.6411429
200  210     -763.6400743
200  220     -763.6385781
200  230     -763.6367266
200  240     -763.6344638
200  250     -763.6319045
200  260     -763.6264783
200  270     -763.6277443
200  280     -763.6289889
200  290     -763.6306193
200  300     -763.6324940
200  310     -763.6348544
200  320     -763.6374744
200  330     -763.6400148
200  340     -763.6419587
200  350     -763.6431880
210  000     -763.6437155
210  010     -763.6431315
210  020     -763.6415980
210  030     -763.6394905
210  040     -763.6367910
210  050     -763.6340965
210  060     -763.6313838
210  070     -763.6266181
210  080     -763.6281489
210  090     -763.6297472
210  100     -763.6312569
210  110     -763.6329597
210  120     -763.6348896
210  130     -763.6368812
210  140     -763.6388701
210  150     -763.6406511
210  160     -763.6419058
210  170     -763.6425175
210  180     -763.6424728
210  190     -763.6418972
210  200     -763.6410092
210  210     -763.6396988
210  220     -763.6381500
210  230     -763.6361134
210  240     -763.6335495
210  250     -763.6269393
210  260     -763.6284408
210  270     -763.6295495
210  280     -763.6307637
210  290     -763.6321114
210  300     -763.6339552
210  310     -763.6361205
210  320     -763.6384420
210  330     -763.6406032
210  340     -763.6422816
210  350     -763.6433730
220  000     -763.6434710
220  010     -763.6428202
220  020     -763.6412083
220  030     -763.6389008
220  040     -763.6361056
220  050     -763.6330935
220  060     -763.6274787
220  070     -763.6292306
220  080     -763.6306534
220  090     -763.6320706
220  100     -763.6334242
220  110     -763.6347858
220  120     -763.6364353
220  130     -763.6380228
220  140     -763.6394875
220  150     -763.6408628
220  160     -763.6417526
220  170     -763.6422575
220  180     -763.6422087
220  190     -763.6415141
220  200     -763.6404624
220  210     -763.6390718
220  220     -763.6372525
220  230     -763.6350752
220  240     -763.6279900
220  250     -763.6297015
220  260     -763.6310243
220  270     -763.6320377
220  280     -763.6329105
220  290     -763.6341878
220  300     -763.6356723
220  310     -763.6375229
220  320     -763.6394366
220  330     -763.6411361
220  340     -763.6424016
220  350     -763.6432629
230  000     -763.6429276
230  010     -763.6420391
230  020     -763.6403173
230  030     -763.6378614
230  040     -763.6348293
230  050     -763.6281628
230  060     -763.6301750
230  070     -763.6319080
230  080     -763.6332241
230  090     -763.6344505
230  100     -763.6355491
230  110     -763.6366703
230  120     -763.6378981
230  130     -763.6390165
230  140     -763.6400142
230  150     -763.6409643
230  160     -763.6414692
230  170     -763.6417137
230  180     -763.6414831
230  190     -763.6407139
230  200     -763.6394064
230  210     -763.6378842
230  220     -763.6359585
230  230     -763.6287939
230  240     -763.6309598
230  250     -763.6325616
230  260     -763.6336870
230  270     -763.6345093
230  280     -763.6351767
230  290     -763.6361395
230  300     -763.6373730
230  310     -763.6388426
230  320     -763.6402501
230  330     -763.6415232
230  340     -763.6424920
230  350     -763.6429387
240  000     -763.6419373
240  010     -763.6408134
240  020     -763.6388544
240  030     -763.6362665
240  040     -763.6284204
240  050     -763.6308223
240  060     -763.6327087
240  070     -763.6342296
240  080     -763.6354238
240  090     -763.6365326
240  100     -763.6374154
240  110     -763.6383245
240  120     -763.6391740
240  130     -763.6399782
240  140     -763.6405283
240  150     -763.6409322
240  160     -763.6410997
240  170     -763.6409357
240  180     -763.6404282
240  190     -763.6393952
240  200     -763.6379985
240  210     -763.6361965
240  220     -763.6290736
240  230     -763.6317561
240  240     -763.6336781
240  250     -763.6351724
240  260     -763.6361425
240  270     -763.6367824
240  280     -763.6372684
240  290     -763.6379191
240  300     -763.6388649
240  310     -763.6399004
240  320     -763.6408475
240  330     -763.6416710
240  340     -763.6421630
240  350     -763.6424104
250  000     -763.6407856
250  010     -763.6392359
250  020     -763.6368739
250  030     -763.6286420
250  040     -763.6309301
250  050     -763.6330888
250  060     -763.6347897
250  070     -763.6361409
250  080     -763.6373457
250  090     -763.6381133
250  100     -763.6389585
250  110     -763.6396090
250  120     -763.6401644
250  130     -763.6405675
250  140     -763.6408047
250  150     -763.6406879
250  160     -763.6403835
250  170     -763.6398759
250  180     -763.6389469
250  190     -763.6375974
250  200     -763.6358803
250  210     -763.6288725
250  220     -763.6318711
250  230     -763.6342877
250  240     -763.6360702
250  250     -763.6374017
250  260     -763.6381809
250  270     -763.6386146
250  280     -763.6389629
250  290     -763.6392898
250  300     -763.6399001
250  310     -763.6407277
250  320     -763.6413268
250  330     -763.6417151
250  340     -763.6418041
250  350     -763.6416321
260  000     -763.6392087
260  010     -763.6371073
260  020     -763.6287190
260  030     -763.6306590
260  040     -763.6327477
260  050     -763.6348093
260  060     -763.6364502
260  070     -763.6377308
260  080     -763.6386726
260  090     -763.6394629
260  100     -763.6400488
260  110     -763.6405956
260  120     -763.6409216
260  130     -763.6410344
260  140     -763.6407991
260  150     -763.6402943
260  160     -763.6394901
260  170     -763.6383913
260  180     -763.6370053
260  190     -763.6352141
260  200     -763.6283919
260  210     -763.6313748
260  220     -763.6341027
260  230     -763.6363914
260  240     -763.6380457
260  250     -763.6391503
260  260     -763.6397257
260  270     -763.6400575
260  280     -763.6401432
260  290     -763.6403214
260  300     -763.6407582
260  310     -763.6413139
260  320     -763.6416048
260  330     -763.6416442
260  340     -763.6412490
260  350     -763.6404756
270  000     -763.6375039
270  010     -763.6348475
270  020     -763.6307452
270  030     -763.6325275
270  040     -763.6344281
270  050     -763.6363087
270  060     -763.6378122
270  070     -763.6388777
270  080     -763.6397103
270  090     -763.6403985
270  100     -763.6409469
270  110     -763.6413412
270  120     -763.6415233
270  130     -763.6413541
270  140     -763.6407026
270  150     -763.6398223
270  160     -763.6384065
270  170     -763.6368641
270  180     -763.6348563
270  190     -763.6283672
270  200     -763.6306532
270  210     -763.6334882
270  220     -763.6360639
270  230     -763.6381300
270  240     -763.6396034
270  250     -763.6405155
270  260     -763.6410224
270  270     -763.6411535
270  280     -763.6410763
270  290     -763.6411126
270  300     -763.6413582
270  310     -763.6416875
270  320     -763.6417534
270  330     -763.6414225
270  340     -763.6406040
270  350     -763.6393924
280  000     -763.6357320
280  010     -763.6313001
280  020     -763.6327681
280  030     -763.6343372
280  040     -763.6359384
280  050     -763.6375085
280  060     -763.6387262
280  070     -763.6397320
280  080     -763.6405080
280  090     -763.6410941
280  100     -763.6415807
280  110     -763.6418370
280  120     -763.6419422
280  130     -763.6416224
280  140     -763.6406788
280  150     -763.6392505
280  160     -763.6372852
280  170     -763.6350033
280  180     -763.6328165
280  190     -763.6307196
280  200     -763.6328314
280  210     -763.6354266
280  220     -763.6377397
280  230     -763.6395747
280  240     -763.6408047
280  250     -763.6416172
280  260     -763.6419514
280  270     -763.6419247
280  280     -763.6417599
280  290     -763.6417002
280  300     -763.6418461
280  310     -763.6419224
280  320     -763.6418978
280  330     -763.6412377
280  340     -763.6400744
280  350     -763.6382540
290  000     -763.6346328
290  010     -763.6334453
290  020     -763.6346754
290  030     -763.6359878
290  040     -763.6372504
290  050     -763.6383656
290  060     -763.6392528
290  070     -763.6400254
290  080     -763.6406800
290  090     -763.6413042
290  100     -763.6418211
290  110     -763.6422072
290  120     -763.6421843
290  130     -763.6416434
290  140     -763.6405149
290  150     -763.6388179
290  160     -763.6365513
290  170     -763.6341134
290  180     -763.6319561
290  190     -763.6329233
290  200     -763.6350304
290  210     -763.6372046
290  220     -763.6391408
290  230     -763.6405723
290  240     -763.6415530
290  250     -763.6421859
290  260     -763.6424462
290  270     -763.6424383
290  280     -763.6422575
290  290     -763.6421295
290  300     -763.6421290
290  310     -763.6421867
290  320     -763.6419936
290  330     -763.6412050
290  340     -763.6396004
290  350     -763.6374934
300  000     -763.6350706
300  010     -763.6357258
300  020     -763.6365111
300  030     -763.6372792
300  040     -763.6380178
300  050     -763.6385752
300  060     -763.6391752
300  070     -763.6397422
300  080     -763.6402339
300  090     -763.6408557
300  100     -763.6413280
300  110     -763.6418983
300  120     -763.6420186
300  130     -763.6414845
300  140     -763.6403085
300  150     -763.6384904
300  160     -763.6363143
300  170     -763.6342908
300  180     -763.6342537
300  190     -763.6353590
300  200     -763.6368600
300  210     -763.6385096
300  220     -763.6399731
300  230     -763.6409963
300  240     -763.6417670
300  250     -763.6423054
300  260     -763.6425023
300  270     -763.6423949
300  280     -763.6422285
300  290     -763.6421304
300  300     -763.6421030
300  310     -763.6422117
300  320     -763.6420489
300  330     -763.6412292
300  340     -763.6395729
300  350     -763.6373746
310  000     -763.6376917
310  010     -763.6379866
310  020     -763.6383048
310  030     -763.6384400
310  040     -763.6385222
310  050     -763.6385965
310  060     -763.6386844
310  070     -763.6389223
310  080     -763.6393045
310  090     -763.6397384
310  100     -763.6401981
310  110     -763.6407004
310  120     -763.6409470
310  130     -763.6406639
310  140     -763.6398012
310  150     -763.6383444
310  160     -763.6370057
310  170     -763.6364466
310  180     -763.6366007
310  190     -763.6375112
310  200     -763.6386109
310  210     -763.6395789
310  220     -763.6404682
310  230     -763.6411319
310  240     -763.6415367
310  250     -763.6417630
310  260     -763.6418846
310  270     -763.6416647
310  280     -763.6415012
310  290     -763.6414398
310  300     -763.6415176
310  310     -763.6416825
310  320     -763.6417434
310  330     -763.6411552
310  340     -763.6397674
310  350     -763.6380373
320  000     -763.6400794
320  010     -763.6402231
320  020     -763.6399411
320  030     -763.6395168
320  040     -763.6389707
320  050     -763.6384658
320  060     -763.6381344
320  070     -763.6379227
320  080     -763.6378253
320  090     -763.6379554
320  100     -763.6381921
320  110     -763.6386034
320  120     -763.6389193
320  130     -763.6390691
320  140     -763.6387756
320  150     -763.6383485
320  160     -763.6384155
320  170     -763.6385647
320  180     -763.6389218
320  190     -763.6392671
320  200     -763.6398021
320  210     -763.6402776
320  220     -763.6407234
320  230     -763.6408537
320  240     -763.6409316
320  250     -763.6407592
320  260     -763.6405088
320  270     -763.6401641
320  280     -763.6398809
320  290     -763.6398587
320  300     -763.6400145
320  310     -763.6404172
320  320     -763.6406780
320  330     -763.6405560
320  340     -763.6399438
320  350     -763.6399027
330  000     -763.6420938
330  010     -763.6419109
330  020     -763.6412092
330  030     -763.6402688
330  040     -763.6393082
330  050     -763.6382533
330  060     -763.6373853
330  070     -763.6366392
330  080     -763.6361778
330  090     -763.6358338
330  100     -763.6357465
330  110     -763.6359400
330  120     -763.6363701
330  130     -763.6367981
330  140     -763.6375203
330  150     -763.6388231
330  160     -763.6398469
330  170     -763.6403601
330  180     -763.6406209
330  190     -763.6407518
330  200     -763.6408073
330  210     -763.6408240
330  220     -763.6407451
330  230     -763.6405436
330  240     -763.6400320
330  250     -763.6393790
330  260     -763.6386915
330  270     -763.6380844
330  280     -763.6375538
330  290     -763.6375391
330  300     -763.6378460
330  310     -763.6384371
330  320     -763.6391532
330  330     -763.6398740
330  340     -763.6407697
330  350     -763.6416327
340  000     -763.6433835
340  010     -763.6430628
340  020     -763.6421278
340  030     -763.6407977
340  040     -763.6393042
340  050     -763.6378650
340  060     -763.6364613
340  070     -763.6351787
340  080     -763.6341853
340  090     -763.6335012
340  100     -763.6331170
340  110     -763.6331404
340  120     -763.6337296
340  130     -763.6349146
340  140     -763.6369028
340  150     -763.6390906
340  160     -763.6407644
340  170     -763.6415719
340  180     -763.6417186
340  190     -763.6416606
340  200     -763.6413148
340  210     -763.6410596
340  220     -763.6405739
340  230     -763.6398570
340  240     -763.6389677
340  250     -763.6378520
340  260     -763.6367343
340  270     -763.6356261
340  280     -763.6350340
340  290     -763.6350032
340  300     -763.6354929
340  310     -763.6364443
340  320     -763.6378372
340  330     -763.6396206
340  340     -763.6414028
340  350     -763.6427657
350  000     -763.6440511
350  010     -763.6436324
350  020     -763.6425336
350  030     -763.6409166
350  040     -763.6390494
350  050     -763.6371972
350  060     -763.6352946
350  070     -763.6335339
350  080     -763.6321637
350  090     -763.6311359
350  100     -763.6305436
350  110     -763.6306104
350  120     -763.6315717
350  130     -763.6337547
350  140     -763.6364202
350  150     -763.6390259
350  160     -763.6410275
350  170     -763.6420053
350  180     -763.6421807
350  190     -763.6419448
350  200     -763.6414404
350  210     -763.6408789
350  220     -763.6401589
350  230     -763.6391010
350  240     -763.6377716
350  250     -763.6362836
350  260     -763.6347042
350  270     -763.6333305
350  280     -763.6325481
350  290     -763.6326403
350  300     -763.6335874
350  310     -763.6350493
350  320     -763.6371059
350  330     -763.6394559
350  340     -763.6417756
350  350     -763.6433565
