3.000        609.9870563
3.500         95.5806553
3.700         31.0902384
3.900         -1.2168137
4.000         -9.8381117
4.100        -14.9792586
4.200        -17.6832336
4.300        -18.9229416
4.400        -19.4738500
4.500        -19.6364209
4.600        -19.2963138
4.700        -18.4688091
4.800        -17.2629700
4.900        -15.8227526
5.000        -14.3730046
5.100        -13.0985875
5.200        -11.9483827
5.300        -11.0503571
5.400        -10.2028986
5.500         -9.3213085
5.600         -8.4380382
5.700         -7.6257876
5.800         -6.9054558
5.900         -6.2694812
6.000         -5.7126392
6.500         -3.6482882
7.000         -2.3670447
8.000         -1.0815480
10.000         -0.2852604
