3.000       -117.9409218
3.500        -96.7435938
3.700        -87.4341874
3.900        -78.1961828
4.000        -73.4932903
4.100        -68.8727573
4.200        -64.3596863
4.300        -59.9648188
4.400        -55.6963521
4.500        -51.5635484
4.600        -47.5803082
4.700        -43.7652520
4.800        -40.1347921
4.900        -36.7006797
5.000        -33.4695957
5.100        -30.4423125
5.200        -27.6173178
5.300        -24.9924496
5.400        -22.5665320
5.500        -20.3373349
5.600        -18.3011311
5.700        -16.4525423
5.800        -14.7828366
5.900        -13.2811815
6.000        -11.9356152
6.500         -7.0925276
7.000         -4.3624464
8.000         -1.8385473
10.000         -0.4513238
