  1.3136105555365820E-03   2.4392338161852104E-03   9.9419950191207107E-01   4.2114443789606745E-05   3.9523106638413963E-01   3.5475826139793365E-01   2.5976582005888155E-01   1.3513918904333689E-03   5.3072530984700928E-03   4.0998707691889354E-02   1.7038968168956591E-03   3.9986922504646766E-03   5.7649233970126610E-04   6.5547959217036642E-02   5.5839860128035904E-04
  4.3959411251737423E-06   9.9752759817016101E-01   2.6693421697733316E-03   5.5101649069932575E-07   6.0390347556955426E-01   4.6588522887001157E-04   7.3235292214625813E-01   9.9675036448545984E-01   2.3794663445825832E-03   9.3539379844858417E-01   1.1298005973757038E-05   3.6324958945643587E-04   5.9325245122752124E-06   1.0423851080070878E-02   6.2452805220568821E-06
  9.9781085551842497E-01   5.7505962128692962E-06   1.3133083348496578E-03   7.5850207093955564E-04   1.0742251370634083E-04   6.4070263633705404E-01   1.9805583693426705E-03   3.6636456347902320E-04   9.8484448074508935E-01   1.0585414186445605E-02   4.4692741541932791E-04   6.6022041114942676E-01   4.5412783145417498E-05   9.1092405069409810E-01   4.5225076800507090E-05
  8.2911789724203510E-04   3.6111964221674281E-06   5.8232551615534480E-05   9.9433714073464385E-01   1.6583763677090574E-06   1.3121101997950523E-03   3.8075886518517786E-05   2.9285703263937877E-04   2.1194989015423374E-03   1.5065520405529330E-03   5.7401858336827138E-01   3.3381925424049741E-01   5.7166814165474289E-01   4.6497517251714617E-03   5.7474271696816270E-01
  9.6795130331396897E-06   3.0270103901479440E-08   1.4171813442555840E-06   1.6409126950124094E-03   6.3099137022587663E-06   5.2530279270332470E-04   1.5727661189790959E-06   1.7480695300932917E-04   7.0659173342420072E-04   3.6347908517750502E-04   4.2354025160418285E-01   2.7106908357031226E-05   7.1893654000811024E-05   1.4639900134465096E-06   6.7802706526462781E-05
  7.6057611406397879E-06   4.9602479728626638E-07   2.9694710217182368E-06   1.6099214931894110E-03   5.7634734472986002E-06   7.6050091991444361E-05   4.3782352235542698E-04   1.8301260807995781E-05   1.4381189173177926E-03   7.5841590544617636E-05   6.9394268504196517E-05   1.8287377741944876E-04   5.2524263624305187E-05   3.0248268471282929E-03   4.2445366391095407E-01
  7.6511790677923240E-06   3.9288596759845430E-07   2.8271783948631621E-06   1.6100381708547375E-03   4.3895350832254204E-06   6.4538460291806743E-05   4.0270060792303703E-04   1.1119266546022985E-05   1.2288418494078254E-03   4.7437438339787211E-05   5.9541535712735082E-05   1.9310222209559296E-04   4.2749025984165467E-01   3.2074810371216750E-03   4.2996340517971994E-05
  8.1441500059191796E-08   1.0097070127822810E-07   5.5107361525030557E-06   3.1327908971094950E-08   3.1715150748081936E-05   3.4760851757316634E-05   3.3241906140092062E-04   1.8420814639756948E-05   8.9831442112602483E-05   4.7370702821897572E-05   9.9135564111416339E-07   1.0986356451791955E-05   2.4748482491845460E-06   3.5592460996140959E-04   8.5268097228535049E-06
  1.9905806777667014E-08   2.0719302736591080E-09   4.2543290840258311E-08   9.3682875190270754E-09   1.4461924871126676E-06   2.4937712264029194E-06   5.6047356341363361E-06   5.5469058389388752E-07   1.8113043952876692E-05   9.3525820588694786E-07   7.6419666880252932E-07   3.0151571033772315E-06   1.0756594947218882E-06   8.5752294106795153E-05   2.4549623800453507E-06
  7.1667259336477470E-09   4.7582823305449606E-08   4.2860421272448617E-08   6.8099434542251110E-10   5.8360938439528194E-06   6.0790654714055828E-06   2.2610644229882060E-04   2.2397053210000987E-05   1.3706716825312771E-06   4.4286961249192429E-05   3.1003329496001218E-08   3.3267530935443539E-08   3.2756678003371205E-07   2.7057433179580773E-05   7.1135078030224637E-08
  7.1109154770964633E-10   1.1066554648103704E-09   3.3749634585924556E-09   1.3783514405050682E-08   2.2251275983554028E-06   1.4403256914190817E-06   1.6772925437896037E-04   2.7951929978864327E-05   1.7302091074442906E-07   5.8512405853032523E-06   2.9135030181090594E-07   2.4855161482989669E-07   9.3038516696202669E-06   8.5609324853178293E-06   4.3908046320879137E-07
  3.1054447474785577E-09   7.0017074683692938E-11   8.1905324865091576E-09   2.0243008525300060E-07   1.6528440275588046E-06   3.1023248604649393E-08   1.6411740072478259E-04   2.5895608816871478E-05   1.0668659128341971E-06   1.1462820962390315E-05   3.5879400682571847E-06   1.2742016252114811E-06   5.0485619048248484E-06   6.5573297601440162E-06   4.6960101080502115E-06
  2.7407994843509301E-11   2.0211505750396933E-11   6.6493042773871271E-11   2.0179020296907620E-12   3.7508276389985859E-07   1.1050824545556623E-07   1.7138902940481506E-05   3.8382590717081327E-06   5.7762676895365979E-08   1.0823990963054065E-06   7.5366481110235997E-09   2.6281480595894567E-11   7.8128854954144377E-08   1.1962847257558249E-06   1.5424067596912537E-08
  6.6592858615579944E-12   2.9028441367358670E-10   3.8771426798758077E-10   5.8756242416882630E-12   4.5608630315108340E-07   1.4972616046642754E-08   4.6433038993941540E-06   1.0134669997812828E-06   1.8346759682455058E-09   5.7739059451914584E-08   3.5222438699349369E-10   7.7818776506819820E-09   1.0507903785875088E-08   3.0815865735802587E-07   4.1009860660373937E-09
  5.0948645787733878E-07   1.8429708314862510E-07   1.4373239717028120E-06   5.2722090896419638E-09   3.5338532481760338E-05   2.4850898274372568E-06   3.7169648081591210E-06   6.1726058600741803E-06   1.1426251669483245E-04   2.4800569390274343E-05   1.3519116369250070E-06   1.8433936803129436E-05   1.2383005963127187E-05   9.3346900322922033E-05   1.6587332026865366E-06
  8.8684332419557643E-11   1.0100468150863976E-09   2.9574689359796496E-08   1.6500959385749385E-12   4.4442116646119522E-06   2.8672680333657188E-06   4.0623664420712134E-05   3.6541270894374142E-07   5.2541700899108737E-07   9.4011333637342934E-06   2.8492258496680345E-08   5.8781908978021783E-07   1.1085236233817728E-07   1.1316310777712905E-05   1.3892329224303073E-08
  1.3343347388226398E-05   2.0029734906968143E-05   1.6868631894541284E-03   4.3261877669394479E-07   1.0002690665186404E-04   8.2765125327246615E-04   1.9694659817608723E-04   7.3014062995701385E-04   7.8619410235625633E-04   9.9029659564473828E-03   1.2075786904177937E-04   1.0341310101139147E-03   2.5819909720803908E-05   1.8794407776856668E-04   3.0672049917958344E-05
  2.0900864077780114E-07   3.5811642986383681E-07   1.5651685628171824E-05   1.0824566920946720E-08   6.2312102315929921E-05   9.0076530621731229E-05   2.4101249856556639E-03   8.8091561699854237E-07   3.5368430346569784E-06   8.9532173138701126E-06   1.1777206315113959E-06   5.7891785054787174E-06   9.0726079619257576E-06   7.2765604430471455E-04   7.6553304524889914E-06
  1.9143406469676630E-06   8.1015338846088068E-07   1.6693059359306537E-05   7.2933692217971757E-08   4.1386218898670126E-04   2.4655273685487688E-05   8.9674104792707144E-04   1.5656414879426995E-06   4.4103832455895164E-04   7.0616067883530519E-04   6.5129484781784544E-06   4.2238003314161111E-05   1.3363503032510940E-05   1.5760888340324988E-04   4.4527798309183487E-06
  1.1576705713710752E-08   3.7363323751778767E-08   6.8768637263346842E-07   1.7691626653791181E-09   2.8517630859048076E-06   4.3990797090900726E-06   4.4042119021012104E-05   1.1396075458654081E-05   2.0838987554012010E-04   1.2785173306546489E-04   1.3336215992640936E-06   7.5320200633846145E-06   8.5099243599517842E-06   9.5885816828441130E-05   6.0178030821737993E-07
  1.7410842386753745E-09   4.1456424939342644E-09   1.6285945975978213E-07   1.1476120288855574E-10   9.4733234322267324E-07   4.2584284407423047E-07   1.3895437079999172E-05   2.9557717323675139E-07   5.0627757686388011E-06   3.8283874623488989E-06   1.4681562457132824E-08   9.1469775640975898E-07   2.0030491595809752E-07   9.0636904678861146E-06   4.3258854483415537E-08
  5.5075896676781396E-09   2.4644433497394516E-08   4.7944409154483158E-07   5.3852711994549561E-10   6.1710975340658312E-06   1.9114227012681445E-06   2.2695785742016361E-04   3.5509077385924505E-06   3.7238699015224276E-05   1.5890905948962240E-05   1.9007169847079547E-07   1.0174749700150251E-05   8.5277108409607794E-07   9.8213158867525698E-06   5.6956375941142312E-07
  3.6892698800271026E-08   4.0043628702604425E-08   1.0591929050637108E-07   4.2007049820665615E-09   3.2170440066521451E-06   2.0341422087915781E-06   1.6655485138508449E-05   1.4993554680550667E-06   5.1011780868580595E-05   1.8761345266952217E-05   1.5127895985047568E-07   6.5454240315053709E-06   1.9413526444309124E-07   4.3021195495704305E-06   2.6732709409644777E-07
  9.3129246971198146E-07   1.2195196868115513E-06   2.3917829360333273E-05   3.2830519306839485E-08   5.2472561815176976E-05   1.0827581826796180E-03   1.9285518745136798E-04   1.7036052998301582E-04   2.0827777091869752E-04   1.9138135662088387E-05   1.2019011472862760E-05   5.0215913934501334E-05   1.7393742367579768E-08   3.4420698300902531E-04   1.7474938975643799E-05
  6.1450876653982107E-09   1.8872798694642093E-08   5.6776078269944458E-07   4.0470146888831516E-10   1.2570802785014867E-06   5.4548623524949009E-06   2.9325223338491755E-05   5.9995083132951282E-06   3.2940989082762121E-06   2.4180157446596527E-05   4.8667261814761235E-07   9.2713535603347034E-08   3.7029202082817311E-07   8.9915875185919730E-05   3.0700295762816803E-06
  7.9443700201162960E-10   1.7456780563035203E-09   4.4096344072931155E-08   1.0736562583662941E-10   1.2803486305964523E-05   5.0347489520766649E-06   2.2949251328510460E-05   2.2383685032968539E-06   7.1972308120920437E-07   4.1147876842195014E-05   3.7349994207126581E-07   2.2716829902401666E-06   3.6592878711348311E-08   3.4890836608805375E-06   7.0480206641186510E-08
  9.1981504154631176E-10   4.4030183364726620E-09   1.2813298529462281E-07   1.3802363359307235E-10   2.5520927927048531E-07   2.3101241690379011E-07   3.2098040085657607E-06   2.4184718820292075E-07   3.8061363538000531E-07   1.3561302343728849E-05   9.4387508461629740E-09   6.9591386954211760E-07   9.8814321847937648E-09   2.7023876285755275E-07   7.8972791852199952E-08
  5.8256919369696225E-11   3.4905097121544547E-10   9.3417981321111799E-09   9.2367603555711609E-12   1.9479718635648041E-07   1.6986562771488283E-07   3.0244530928601739E-06   3.4408312773486462E-09   6.6223813222254005E-07   6.3282849238425884E-08   1.3000646099141248E-09   5.6721109493314788E-08   1.7248671751300303E-08   6.0770588266547332E-09   3.1097585664233922E-08
  6.9835200733445807E-11   5.2840571604454008E-10   1.5137781374737162E-08   1.2511321668132451E-11   5.3342286054949457E-08   1.3039816143141757E-07   1.6994624487684708E-06   1.1908033598725429E-08   4.5389887116302868E-06   1.0177142475614532E-06   2.4731439438500585E-08   6.4734971914508867E-08   6.5390356259199215E-08   4.2494949533014716E-07   8.3357544047435034E-08
