0.000  0.000     -842.0394971
0.000  0.175     -842.0392927
0.000  0.349     -842.0385564
0.000  0.524     -842.0373119
0.000  0.698     -842.0358133
0.000  0.873     -842.0341152
0.000  1.047     -842.0324079
0.000  1.222     -842.0309386
0.000  1.396     -842.0296777
0.000  1.571     -842.0288043
0.000  1.745     -842.0304906
0.000  1.920     -842.0321971
0.000  2.094     -842.0337968
0.000  2.269     -842.0352735
0.000  2.443     -842.0365719
0.000  2.618     -842.0374480
0.000  2.793     -842.0376669
0.000  2.967     -842.0373873
0.000  3.142     -842.0371243
0.000  3.316     -842.0367999
0.000  3.491     -842.0363774
0.000  3.665     -842.0360105
0.000  3.840     -842.0356895
0.000  4.014     -842.0351265
0.000  4.189     -842.0340819
0.000  4.363     -842.0326215
0.000  4.538     -842.0310255
0.000  4.712     -842.0294494
0.000  4.887     -842.0298993
0.000  5.061     -842.0309732
0.000  5.236     -842.0321938
0.000  5.411     -842.0339219
0.000  5.585     -842.0357487
0.000  5.760     -842.0375810
0.000  5.934     -842.0386928
0.000  6.109     -842.0392402
0.175  0.000     -842.0391886
0.175  0.175     -842.0391076
0.175  0.349     -842.0382883
0.175  0.524     -842.0370667
0.175  0.698     -842.0354014
0.175  0.873     -842.0333961
0.175  1.047     -842.0313829
0.175  1.222     -842.0296169
0.175  1.396     -842.0281122
0.175  1.571     -842.0299328
0.175  1.745     -842.0318791
0.175  1.920     -842.0333870
0.175  2.094     -842.0346321
0.175  2.269     -842.0357969
0.175  2.443     -842.0367051
0.175  2.618     -842.0371943
0.175  2.793     -842.0372084
0.175  2.967     -842.0370565
0.175  3.142     -842.0369304
0.175  3.316     -842.0365821
0.175  3.491     -842.0361936
0.175  3.665     -842.0357957
0.175  3.840     -842.0353069
0.175  4.014     -842.0343730
0.175  4.189     -842.0331049
0.175  4.363     -842.0313795
0.175  4.538     -842.0295505
0.175  4.712     -842.0279521
0.175  4.887     -842.0310467
0.175  5.061     -842.0319920
0.175  5.236     -842.0331838
0.175  5.411     -842.0345860
0.175  5.585     -842.0363255
0.175  5.760     -842.0376036
0.175  5.934     -842.0383223
0.175  6.109     -842.0387888
0.349  0.000     -842.0377980
0.349  0.175     -842.0377682
0.349  0.349     -842.0371571
0.349  0.524     -842.0357747
0.349  0.698     -842.0338074
0.349  0.873     -842.0316174
0.349  1.047     -842.0292807
0.349  1.222     -842.0272381
0.349  1.396     -842.0255402
0.349  1.571     -842.0316629
0.349  1.745     -842.0332865
0.349  1.920     -842.0344580
0.349  2.094     -842.0352943
0.349  2.269     -842.0359179
0.349  2.443     -842.0361343
0.349  2.618     -842.0360555
0.349  2.793     -842.0357174
0.349  2.967     -842.0356700
0.349  3.142     -842.0357131
0.349  3.316     -842.0355509
0.349  3.491     -842.0351836
0.349  3.665     -842.0346098
0.349  3.840     -842.0338477
0.349  4.014     -842.0326715
0.349  4.189     -842.0311152
0.349  4.363     -842.0291619
0.349  4.538     -842.0270440
0.349  4.712     -842.0317672
0.349  4.887     -842.0326817
0.349  5.061     -842.0331666
0.349  5.236     -842.0340569
0.349  5.411     -842.0350909
0.349  5.585     -842.0362044
0.349  5.760     -842.0368990
0.349  5.934     -842.0372057
0.349  6.109     -842.0375279
0.524  0.000     -842.0357448
0.524  0.175     -842.0358445
0.524  0.349     -842.0350404
0.524  0.524     -842.0334967
0.524  0.698     -842.0313399
0.524  0.873     -842.0287640
0.524  1.047     -842.0261493
0.524  1.222     -842.0236932
0.524  1.396     -842.0313226
0.524  1.571     -842.0331984
0.524  1.745     -842.0344566
0.524  1.920     -842.0351862
0.524  2.094     -842.0354946
0.524  2.269     -842.0353870
0.524  2.443     -842.0348635
0.524  2.618     -842.0340535
0.524  2.793     -842.0334313
0.524  2.967     -842.0333760
0.524  3.142     -842.0336424
0.524  3.316     -842.0335922
0.524  3.491     -842.0331469
0.524  3.665     -842.0323571
0.524  3.840     -842.0313269
0.524  4.014     -842.0299390
0.524  4.189     -842.0280327
0.524  4.363     -842.0258422
0.524  4.538     -842.0320431
0.524  4.712     -842.0333798
0.524  4.887     -842.0340129
0.524  5.061     -842.0342216
0.524  5.236     -842.0346717
0.524  5.411     -842.0350388
0.524  5.585     -842.0354223
0.524  5.760     -842.0352471
0.524  5.934     -842.0351149
0.524  6.109     -842.0352752
0.698  0.000     -842.0333931
0.698  0.175     -842.0331304
0.698  0.349     -842.0320175
0.698  0.524     -842.0303057
0.698  0.698     -842.0277805
0.698  0.873     -842.0249684
0.698  1.047     -842.0219506
0.698  1.222     -842.0306694
0.698  1.396     -842.0327645
0.698  1.571     -842.0342941
0.698  1.745     -842.0352581
0.698  1.920     -842.0355743
0.698  2.094     -842.0352830
0.698  2.269     -842.0344568
0.698  2.443     -842.0331393
0.698  2.618     -842.0316597
0.698  2.793     -842.0309502
0.698  2.967     -842.0309867
0.698  3.142     -842.0310563
0.698  3.316     -842.0308626
0.698  3.491     -842.0302459
0.698  3.665     -842.0292468
0.698  3.840     -842.0279590
0.698  4.014     -842.0262961
0.698  4.189     -842.0242049
0.698  4.363     -842.0313544
0.698  4.538     -842.0335045
0.698  4.712     -842.0346008
0.698  4.887     -842.0349631
0.698  5.061     -842.0347853
0.698  5.236     -842.0347250
0.698  5.411     -842.0345304
0.698  5.585     -842.0340905
0.698  5.760     -842.0332688
0.698  5.934     -842.0328524
0.698  6.109     -842.0330400
0.873  0.000     -842.0307732
0.873  0.175     -842.0300651
0.873  0.349     -842.0285331
0.873  0.524     -842.0263554
0.873  0.698     -842.0236202
0.873  0.873     -842.0203806
0.873  1.047     -842.0171394
0.873  1.222     -842.0317340
0.873  1.396     -842.0336248
0.873  1.571     -842.0350172
0.873  1.745     -842.0356384
0.873  1.920     -842.0356071
0.873  2.094     -842.0348801
0.873  2.269     -842.0334813
0.873  2.443     -842.0314971
0.873  2.618     -842.0298810
0.873  2.793     -842.0290229
0.873  2.967     -842.0286430
0.873  3.142     -842.0282282
0.873  3.316     -842.0276601
0.873  3.491     -842.0267181
0.873  3.665     -842.0254088
0.873  3.840     -842.0238486
0.873  4.014     -842.0219284
0.873  4.189     -842.0298489
0.873  4.363     -842.0327817
0.873  4.538     -842.0346336
0.873  4.712     -842.0354909
0.873  4.887     -842.0352875
0.873  5.061     -842.0350218
0.873  5.236     -842.0345489
0.873  5.411     -842.0337437
0.873  5.585     -842.0328737
0.873  5.760     -842.0318280
0.873  5.934     -842.0311101
0.873  6.109     -842.0309219
1.047  0.000     -842.0281861
1.047  0.175     -842.0267953
1.047  0.349     -842.0246421
1.047  0.524     -842.0220461
1.047  0.698     -842.0188959
1.047  0.873     -842.0153987
1.047  1.047     -842.0301922
1.047  1.222     -842.0325795
1.047  1.396     -842.0342999
1.047  1.571     -842.0353508
1.047  1.745     -842.0357569
1.047  1.920     -842.0355438
1.047  2.094     -842.0344981
1.047  2.269     -842.0327435
1.047  2.443     -842.0305122
1.047  2.618     -842.0287424
1.047  2.793     -842.0273742
1.047  2.967     -842.0264132
1.047  3.142     -842.0254379
1.047  3.316     -842.0243129
1.047  3.491     -842.0228178
1.047  3.665     -842.0212372
1.047  3.840     -842.0193273
1.047  4.014     -842.0275835
1.047  4.189     -842.0310789
1.047  4.363     -842.0337382
1.047  4.538     -842.0354009
1.047  4.712     -842.0359691
1.047  4.887     -842.0355743
1.047  5.061     -842.0350978
1.047  5.236     -842.0342408
1.047  5.411     -842.0332440
1.047  5.585     -842.0322131
1.047  5.760     -842.0308322
1.047  5.934     -842.0299112
1.047  6.109     -842.0290767
1.222  0.000     -842.0258357
1.222  0.175     -842.0237179
1.222  0.349     -842.0210765
1.222  0.524     -842.0178307
1.222  0.698     -842.0247877
1.222  0.873     -842.0281391
1.222  1.047     -842.0310613
1.222  1.222     -842.0331191
1.222  1.396     -842.0346675
1.222  1.571     -842.0356448
1.222  1.745     -842.0359947
1.222  1.920     -842.0356418
1.222  2.094     -842.0345342
1.222  2.269     -842.0325438
1.222  2.443     -842.0302294
1.222  2.618     -842.0281422
1.222  2.793     -842.0263038
1.222  2.967     -842.0246418
1.222  3.142     -842.0228946
1.222  3.316     -842.0210138
1.222  3.491     -842.0190537
1.222  3.665     -842.0171244
1.222  3.840     -842.0250288
1.222  4.014     -842.0288300
1.222  4.189     -842.0320186
1.222  4.363     -842.0344506
1.222  4.538     -842.0359141
1.222  4.712     -842.0362932
1.222  4.887     -842.0360446
1.222  5.061     -842.0351195
1.222  5.236     -842.0343272
1.222  5.411     -842.0332670
1.222  5.585     -842.0321120
1.222  5.760     -842.0307022
1.222  5.934     -842.0291747
1.222  6.109     -842.0276896
1.396  0.000     -842.0242811
1.396  0.175     -842.0213271
1.396  0.349     -842.0180327
1.396  0.524     -842.0227827
1.396  0.698     -842.0258112
1.396  0.873     -842.0288283
1.396  1.047     -842.0313277
1.396  1.222     -842.0333799
1.396  1.396     -842.0349331
1.396  1.571     -842.0358720
1.396  1.745     -842.0362686
1.396  1.920     -842.0358737
1.396  2.094     -842.0347847
1.396  2.269     -842.0328077
1.396  2.443     -842.0304285
1.396  2.618     -842.0279643
1.396  2.793     -842.0257587
1.396  2.967     -842.0233868
1.396  3.142     -842.0208623
1.396  3.316     -842.0185467
1.396  3.491     -842.0160010
1.396  3.665     -842.0226822
1.396  3.840     -842.0262890
1.396  4.014     -842.0296648
1.396  4.189     -842.0326952
1.396  4.363     -842.0348865
1.396  4.538     -842.0362578
1.396  4.712     -842.0366987
1.396  4.887     -842.0362990
1.396  5.061     -842.0356110
1.396  5.236     -842.0346483
1.396  5.411     -842.0338676
1.396  5.585     -842.0325765
1.396  5.760     -842.0309820
1.396  5.934     -842.0290447
1.396  6.109     -842.0267877
1.571  0.000     -842.0236932
1.571  0.175     -842.0202075
1.571  0.349     -842.0222689
1.571  0.524     -842.0242332
1.571  0.698     -842.0265869
1.571  0.873     -842.0290456
1.571  1.047     -842.0313440
1.571  1.222     -842.0331701
1.571  1.396     -842.0347035
1.571  1.571     -842.0358103
1.571  1.745     -842.0363972
1.571  1.920     -842.0362832
1.571  2.094     -842.0352523
1.571  2.269     -842.0335950
1.571  2.443     -842.0311927
1.571  2.618     -842.0285732
1.571  2.793     -842.0258118
1.571  2.967     -842.0228502
1.571  3.142     -842.0200035
1.571  3.316     -842.0196402
1.571  3.491     -842.0215561
1.571  3.665     -842.0241939
1.571  3.840     -842.0270997
1.571  4.014     -842.0300504
1.571  4.189     -842.0328716
1.571  4.363     -842.0351498
1.571  4.538     -842.0365629
1.571  4.712     -842.0370453
1.571  4.887     -842.0368052
1.571  5.061     -842.0361334
1.571  5.236     -842.0354759
1.571  5.411     -842.0347369
1.571  5.585     -842.0336466
1.571  5.760     -842.0318394
1.571  5.934     -842.0295863
1.571  6.109     -842.0267739
1.745  0.000     -842.0243929
1.745  0.175     -842.0207465
1.745  0.349     -842.0242053
1.745  0.524     -842.0253583
1.745  0.698     -842.0270002
1.745  0.873     -842.0289084
1.745  1.047     -842.0307583
1.745  1.222     -842.0324508
1.745  1.396     -842.0340124
1.745  1.571     -842.0354118
1.745  1.745     -842.0362781
1.745  1.920     -842.0364365
1.745  2.094     -842.0359334
1.745  2.269     -842.0346571
1.745  2.443     -842.0323504
1.745  2.618     -842.0296412
1.745  2.793     -842.0265589
1.745  2.967     -842.0233812
1.745  3.142     -842.0219844
1.745  3.316     -842.0222407
1.745  3.491     -842.0235179
1.745  3.665     -842.0253658
1.745  3.840     -842.0276180
1.745  4.014     -842.0301996
1.745  4.189     -842.0326257
1.745  4.363     -842.0349902
1.745  4.538     -842.0366146
1.745  4.712     -842.0372740
1.745  4.887     -842.0372161
1.745  5.061     -842.0368204
1.745  5.236     -842.0363816
1.745  5.411     -842.0358494
1.745  5.585     -842.0349558
1.745  5.760     -842.0332266
1.745  5.934     -842.0308592
1.745  6.109     -842.0278205
1.920  0.000     -842.0260741
1.920  0.175     -842.0227755
1.920  0.349     -842.0261029
1.920  0.524     -842.0264118
1.920  0.698     -842.0273516
1.920  0.873     -842.0286514
1.920  1.047     -842.0301226
1.920  1.222     -842.0317399
1.920  1.396     -842.0333609
1.920  1.571     -842.0348715
1.920  1.745     -842.0359657
1.920  1.920     -842.0363589
1.920  2.094     -842.0362479
1.920  2.269     -842.0353331
1.920  2.443     -842.0335270
1.920  2.618     -842.0308067
1.920  2.793     -842.0277757
1.920  2.967     -842.0258916
1.920  3.142     -842.0250152
1.920  3.316     -842.0247415
1.920  3.491     -842.0254026
1.920  3.665     -842.0265706
1.920  3.840     -842.0281197
1.920  4.014     -842.0301176
1.920  4.189     -842.0324615
1.920  4.363     -842.0349062
1.920  4.538     -842.0367449
1.920  4.712     -842.0375199
1.920  4.887     -842.0376582
1.920  5.061     -842.0372934
1.920  5.236     -842.0371683
1.920  5.411     -842.0368645
1.920  5.585     -842.0362300
1.920  5.760     -842.0348637
1.920  5.934     -842.0325946
1.920  6.109     -842.0295544
2.094  0.000     -842.0284986
2.094  0.175     -842.0291232
2.094  0.349     -842.0281520
2.094  0.524     -842.0279286
2.094  0.698     -842.0282688
2.094  0.873     -842.0291763
2.094  1.047     -842.0304201
2.094  1.222     -842.0319237
2.094  1.396     -842.0335129
2.094  1.571     -842.0347187
2.094  1.745     -842.0355994
2.094  1.920     -842.0359118
2.094  2.094     -842.0358321
2.094  2.269     -842.0352318
2.094  2.443     -842.0338999
2.094  2.618     -842.0318363
2.094  2.793     -842.0302556
2.094  2.967     -842.0289543
2.094  3.142     -842.0279167
2.094  3.316     -842.0273188
2.094  3.491     -842.0272850
2.094  3.665     -842.0278796
2.094  3.840     -842.0289196
2.094  4.014     -842.0306020
2.094  4.189     -842.0328688
2.094  4.363     -842.0353138
2.094  4.538     -842.0369420
2.094  4.712     -842.0375675
2.094  4.887     -842.0376125
2.094  5.061     -842.0373017
2.094  5.236     -842.0371962
2.094  5.411     -842.0372292
2.094  5.585     -842.0369453
2.094  5.760     -842.0360565
2.094  5.934     -842.0341782
2.094  6.109     -842.0315209
2.269  0.000     -842.0331357
2.269  0.175     -842.0319395
2.269  0.349     -842.0308758
2.269  0.524     -842.0303553
2.269  0.698     -842.0305396
2.269  0.873     -842.0311581
2.269  1.047     -842.0320093
2.269  1.222     -842.0328979
2.269  1.396     -842.0337561
2.269  1.571     -842.0342749
2.269  1.745     -842.0346892
2.269  1.920     -842.0348041
2.269  2.094     -842.0345862
2.269  2.269     -842.0342811
2.269  2.443     -842.0336088
2.269  2.618     -842.0333824
2.269  2.793     -842.0329893
2.269  2.967     -842.0318812
2.269  3.142     -842.0307153
2.269  3.316     -842.0297794
2.269  3.491     -842.0294854
2.269  3.665     -842.0295467
2.269  3.840     -842.0304523
2.269  4.014     -842.0319541
2.269  4.189     -842.0338966
2.269  4.363     -842.0357553
2.269  4.538     -842.0367671
2.269  4.712     -842.0369687
2.269  4.887     -842.0368593
2.269  5.061     -842.0365857
2.269  5.236     -842.0365287
2.269  5.411     -842.0366149
2.269  5.585     -842.0367091
2.269  5.760     -842.0363973
2.269  5.934     -842.0352445
2.269  6.109     -842.0335163
2.443  0.000     -842.0359836
2.443  0.175     -842.0350140
2.443  0.349     -842.0339954
2.443  0.524     -842.0333353
2.443  0.698     -842.0331192
2.443  0.873     -842.0331281
2.443  1.047     -842.0332725
2.443  1.222     -842.0334065
2.443  1.396     -842.0334615
2.443  1.571     -842.0334295
2.443  1.745     -842.0333562
2.443  1.920     -842.0332007
2.443  2.094     -842.0330159
2.443  2.269     -842.0328472
2.443  2.443     -842.0336843
2.443  2.618     -842.0347031
2.443  2.793     -842.0349825
2.443  2.967     -842.0343074
2.443  3.142     -842.0331372
2.443  3.316     -842.0322058
2.443  3.491     -842.0317901
2.443  3.665     -842.0317654
2.443  3.840     -842.0325343
2.443  4.014     -842.0336488
2.443  4.189     -842.0348991
2.443  4.363     -842.0358571
2.443  4.538     -842.0362046
2.443  4.712     -842.0359004
2.443  4.887     -842.0354307
2.443  5.061     -842.0352017
2.443  5.236     -842.0351168
2.443  5.411     -842.0353582
2.443  5.585     -842.0356876
2.443  5.760     -842.0359630
2.443  5.934     -842.0360781
2.443  6.109     -842.0365686
2.618  0.000     -842.0381938
2.618  0.175     -842.0375012
2.618  0.349     -842.0365753
2.618  0.524     -842.0358491
2.618  0.698     -842.0351346
2.618  0.873     -842.0344707
2.618  1.047     -842.0339145
2.618  1.222     -842.0333501
2.618  1.396     -842.0327977
2.618  1.571     -842.0322028
2.618  1.745     -842.0317656
2.618  1.920     -842.0313952
2.618  2.094     -842.0312050
2.618  2.269     -842.0323243
2.618  2.443     -842.0340281
2.618  2.618     -842.0353840
2.618  2.793     -842.0359845
2.618  2.967     -842.0358064
2.618  3.142     -842.0350135
2.618  3.316     -842.0343498
2.618  3.491     -842.0339120
2.618  3.665     -842.0339241
2.618  3.840     -842.0342726
2.618  4.014     -842.0348707
2.618  4.189     -842.0353805
2.618  4.363     -842.0356045
2.618  4.538     -842.0352990
2.618  4.712     -842.0345946
2.618  4.887     -842.0338904
2.618  5.061     -842.0335345
2.618  5.236     -842.0335005
2.618  5.411     -842.0338962
2.618  5.585     -842.0346246
2.618  5.760     -842.0359430
2.618  5.934     -842.0375462
2.618  6.109     -842.0382875
2.793  0.000     -842.0394322
2.793  0.175     -842.0390610
2.793  0.349     -842.0382467
2.793  0.524     -842.0372912
2.793  0.698     -842.0362246
2.793  0.873     -842.0351194
2.793  1.047     -842.0339269
2.793  1.222     -842.0327627
2.793  1.396     -842.0316678
2.793  1.571     -842.0307683
2.793  1.745     -842.0300981
2.793  1.920     -842.0297449
2.793  2.094     -842.0308110
2.793  2.269     -842.0325213
2.793  2.443     -842.0342790
2.793  2.618     -842.0356241
2.793  2.793     -842.0363121
2.793  2.967     -842.0364152
2.793  3.142     -842.0361323
2.793  3.316     -842.0357225
2.793  3.491     -842.0354377
2.793  3.665     -842.0352320
2.793  3.840     -842.0353792
2.793  4.014     -842.0354841
2.793  4.189     -842.0354318
2.793  4.363     -842.0350948
2.793  4.538     -842.0341549
2.793  4.712     -842.0330933
2.793  4.887     -842.0321842
2.793  5.061     -842.0319224
2.793  5.236     -842.0321325
2.793  5.411     -842.0328246
2.793  5.585     -842.0341999
2.793  5.760     -842.0363793
2.793  5.934     -842.0381943
2.793  6.109     -842.0391248
2.967  0.000     -842.0397508
2.967  0.175     -842.0396434
2.967  0.349     -842.0389745
2.967  0.524     -842.0378843
2.967  0.698     -842.0365295
2.967  0.873     -842.0349869
2.967  1.047     -842.0333501
2.967  1.222     -842.0317361
2.967  1.396     -842.0302339
2.967  1.571     -842.0291208
2.967  1.745     -842.0283027
2.967  1.920     -842.0293444
2.967  2.094     -842.0310741
2.967  2.269     -842.0328547
2.967  2.443     -842.0343290
2.967  2.618     -842.0354437
2.967  2.793     -842.0360704
2.967  2.967     -842.0363305
2.967  3.142     -842.0364595
2.967  3.316     -842.0362368
2.967  3.491     -842.0360231
2.967  3.665     -842.0357943
2.967  3.840     -842.0357111
2.967  4.014     -842.0355028
2.967  4.189     -842.0349907
2.967  4.363     -842.0341427
2.967  4.538     -842.0328762
2.967  4.712     -842.0315327
2.967  4.887     -842.0305887
2.967  5.061     -842.0303879
2.967  5.236     -842.0308559
2.967  5.411     -842.0329427
2.967  5.585     -842.0346788
2.967  5.760     -842.0364304
2.967  5.934     -842.0381705
2.967  6.109     -842.0391941
3.142  0.000     -842.0392935
3.142  0.175     -842.0394508
3.142  0.349     -842.0388670
3.142  0.524     -842.0377237
3.142  0.698     -842.0360992
3.142  0.873     -842.0342530
3.142  1.047     -842.0322102
3.142  1.222     -842.0302982
3.142  1.396     -842.0284460
3.142  1.571     -842.0270462
3.142  1.745     -842.0281654
3.142  1.920     -842.0299481
3.142  2.094     -842.0316061
3.142  2.269     -842.0329763
3.142  2.443     -842.0341661
3.142  2.618     -842.0349088
3.142  2.793     -842.0351863
3.142  2.967     -842.0356145
3.142  3.142     -842.0360473
3.142  3.316     -842.0361101
3.142  3.491     -842.0359153
3.142  3.665     -842.0355850
3.142  3.840     -842.0353804
3.142  4.014     -842.0348744
3.142  4.189     -842.0340482
3.142  4.363     -842.0327625
3.142  4.538     -842.0312049
3.142  4.712     -842.0296938
3.142  4.887     -842.0287536
3.142  5.061     -842.0284760
3.142  5.236     -842.0315378
3.142  5.411     -842.0329989
3.142  5.585     -842.0346615
3.142  5.760     -842.0362054
3.142  5.934     -842.0375464
3.142  6.109     -842.0384743
3.316  0.000     -842.0382453
3.316  0.175     -842.0385944
3.316  0.349     -842.0381029
3.316  0.524     -842.0368934
3.316  0.698     -842.0350999
3.316  0.873     -842.0329489
3.316  1.047     -842.0305928
3.316  1.222     -842.0283096
3.316  1.396     -842.0262429
3.316  1.571     -842.0247323
3.316  1.745     -842.0292503
3.316  1.920     -842.0308775
3.316  2.094     -842.0321444
3.316  2.269     -842.0332250
3.316  2.443     -842.0338180
3.316  2.618     -842.0339649
3.316  2.793     -842.0338333
3.316  2.967     -842.0343103
3.316  3.142     -842.0349223
3.316  3.316     -842.0351988
3.316  3.491     -842.0351265
3.316  3.665     -842.0347798
3.316  3.840     -842.0343676
3.316  4.014     -842.0336794
3.316  4.189     -842.0324754
3.316  4.363     -842.0309332
3.316  4.538     -842.0290999
3.316  4.712     -842.0274116
3.316  4.887     -842.0299098
3.316  5.061     -842.0308399
3.316  5.236     -842.0317622
3.316  5.411     -842.0330299
3.316  5.585     -842.0342889
3.316  5.760     -842.0354044
3.316  5.934     -842.0363098
3.316  6.109     -842.0373341
3.491  0.000     -842.0366999
3.491  0.175     -842.0372464
3.491  0.349     -842.0367801
3.491  0.524     -842.0354425
3.491  0.698     -842.0334685
3.491  0.873     -842.0310219
3.491  1.047     -842.0284676
3.491  1.222     -842.0258520
3.491  1.396     -842.0236193
3.491  1.571     -842.0289748
3.491  1.745     -842.0307393
3.491  1.920     -842.0320456
3.491  2.094     -842.0328966
3.491  2.269     -842.0334427
3.491  2.443     -842.0333007
3.491  2.618     -842.0327323
3.491  2.793     -842.0321965
3.491  2.967     -842.0327513
3.491  3.142     -842.0334735
3.491  3.316     -842.0339100
3.491  3.491     -842.0337962
3.491  3.665     -842.0333636
3.491  3.840     -842.0327107
3.491  4.014     -842.0318233
3.491  4.189     -842.0303972
3.491  4.363     -842.0285735
3.491  4.538     -842.0265094
3.491  4.712     -842.0300994
3.491  4.887     -842.0308970
3.491  5.061     -842.0315189
3.491  5.236     -842.0322557
3.491  5.411     -842.0330895
3.491  5.585     -842.0337612
3.491  5.760     -842.0342179
3.491  5.934     -842.0348059
3.491  6.109     -842.0357624
3.665  0.000     -842.0350297
3.665  0.175     -842.0353913
3.665  0.349     -842.0347737
3.665  0.524     -842.0332022
3.665  0.698     -842.0309444
3.665  0.873     -842.0282808
3.665  1.047     -842.0255822
3.665  1.222     -842.0227886
3.665  1.396     -842.0290968
3.665  1.571     -842.0310798
3.665  1.745     -842.0324518
3.665  1.920     -842.0333815
3.665  2.094     -842.0337031
3.665  2.269     -842.0335144
3.665  2.443     -842.0327055
3.665  2.618     -842.0313803
3.665  2.793     -842.0304799
3.665  2.967     -842.0310582
3.665  3.142     -842.0317966
3.665  3.316     -842.0320507
3.665  3.491     -842.0319223
3.665  3.665     -842.0313272
3.665  3.840     -842.0304002
3.665  4.014     -842.0292876
3.665  4.189     -842.0276829
3.665  4.363     -842.0257183
3.665  4.538     -842.0301820
3.665  4.712     -842.0316326
3.665  4.887     -842.0322934
3.665  5.061     -842.0325624
3.665  5.236     -842.0328997
3.665  5.411     -842.0331396
3.665  5.585     -842.0331055
3.665  5.760     -842.0329148
3.665  5.934     -842.0331953
3.665  6.109     -842.0340836
3.840  0.000     -842.0330507
3.840  0.175     -842.0329862
3.840  0.349     -842.0320558
3.840  0.524     -842.0301648
3.840  0.698     -842.0276994
3.840  0.873     -842.0248644
3.840  1.047     -842.0219537
3.840  1.222     -842.0293264
3.840  1.396     -842.0316331
3.840  1.571     -842.0331879
3.840  1.745     -842.0342205
3.840  1.920     -842.0346651
3.840  2.094     -842.0344781
3.840  2.269     -842.0336285
3.840  2.443     -842.0320502
3.840  2.618     -842.0300619
3.840  2.793     -842.0290599
3.840  2.967     -842.0293392
3.840  3.142     -842.0297660
3.840  3.316     -842.0297023
3.840  3.491     -842.0293425
3.840  3.665     -842.0285328
3.840  3.840     -842.0273444
3.840  4.014     -842.0261001
3.840  4.189     -842.0243149
3.840  4.363     -842.0300188
3.840  4.538     -842.0322699
3.840  4.712     -842.0333706
3.840  4.887     -842.0337253
3.840  5.061     -842.0337576
3.840  5.236     -842.0335987
3.840  5.411     -842.0331652
3.840  5.585     -842.0324345
3.840  5.760     -842.0316765
3.840  5.934     -842.0317321
3.840  6.109     -842.0324310
4.014  0.000     -842.0307619
4.014  0.175     -842.0302038
4.014  0.349     -842.0286853
4.014  0.524     -842.0264282
4.014  0.698     -842.0237405
4.014  0.873     -842.0206911
4.014  1.047     -842.0290746
4.014  1.222     -842.0318748
4.014  1.396     -842.0338991
4.014  1.571     -842.0352385
4.014  1.745     -842.0358912
4.014  1.920     -842.0359710
4.014  2.094     -842.0352390
4.014  2.269     -842.0337904
4.014  2.443     -842.0315609
4.014  2.618     -842.0291034
4.014  2.793     -842.0278606
4.014  2.967     -842.0275747
4.014  3.142     -842.0275120
4.014  3.316     -842.0270122
4.014  3.491     -842.0262477
4.014  3.665     -842.0250514
4.014  3.840     -842.0237660
4.014  4.014     -842.0223261
4.014  4.189     -842.0294464
4.014  4.363     -842.0324492
4.014  4.538     -842.0343405
4.014  4.712     -842.0352004
4.014  4.887     -842.0352067
4.014  5.061     -842.0349618
4.014  5.236     -842.0343092
4.014  5.411     -842.0333255
4.014  5.585     -842.0319605
4.014  5.760     -842.0307515
4.014  5.934     -842.0304454
4.014  6.109     -842.0307904
4.189  0.000     -842.0284185
4.189  0.175     -842.0271568
4.189  0.349     -842.0251175
4.189  0.524     -842.0223258
4.189  0.698     -842.0192852
4.189  0.873     -842.0281923
4.189  1.047     -842.0315286
4.189  1.222     -842.0341884
4.189  1.396     -842.0358936
4.189  1.571     -842.0369814
4.189  1.745     -842.0373703
4.189  1.920     -842.0371422
4.189  2.094     -842.0361130
4.189  2.269     -842.0340421
4.189  2.443     -842.0313191
4.189  2.618     -842.0286406
4.189  2.793     -842.0270215
4.189  2.967     -842.0260822
4.189  3.142     -842.0252868
4.189  3.316     -842.0240593
4.189  3.491     -842.0229265
4.189  3.665     -842.0213678
4.189  3.840     -842.0198809
4.189  4.014     -842.0282290
4.189  4.189     -842.0318304
4.189  4.363     -842.0345830
4.189  4.538     -842.0361704
4.189  4.712     -842.0368951
4.189  4.887     -842.0367401
4.189  5.061     -842.0361554
4.189  5.236     -842.0351564
4.189  5.411     -842.0337316
4.189  5.585     -842.0318236
4.189  5.760     -842.0303261
4.189  5.934     -842.0296139
4.189  6.109     -842.0291466
4.363  0.000     -842.0263606
4.363  0.175     -842.0242663
4.363  0.349     -842.0215987
4.363  0.524     -842.0185187
4.363  0.698     -842.0267783
4.363  0.873     -842.0304029
4.363  1.047     -842.0334513
4.363  1.222     -842.0358056
4.363  1.396     -842.0373941
4.363  1.571     -842.0383080
4.363  1.745     -842.0387139
4.363  1.920     -842.0382760
4.363  2.094     -842.0369782
4.363  2.269     -842.0347190
4.363  2.443     -842.0316561
4.363  2.618     -842.0287908
4.363  2.793     -842.0267306
4.363  2.967     -842.0251324
4.363  3.142     -842.0233873
4.363  3.316     -842.0215527
4.363  3.491     -842.0197528
4.363  3.665     -842.0179848
4.363  3.840     -842.0266630
4.363  4.014     -842.0304130
4.363  4.189     -842.0336845
4.363  4.363     -842.0361895
4.363  4.538     -842.0377168
4.363  4.712     -842.0382005
4.363  4.887     -842.0379801
4.363  5.061     -842.0372532
4.363  5.236     -842.0361784
4.363  5.411     -842.0344776
4.363  5.585     -842.0324467
4.363  5.760     -842.0306074
4.363  5.934     -842.0292297
4.363  6.109     -842.0278980
4.538  0.000     -842.0250113
4.538  0.175     -842.0220587
4.538  0.349     -842.0188306
4.538  0.524     -842.0254750
4.538  0.698     -842.0286968
4.538  0.873     -842.0318147
4.538  1.047     -842.0345577
4.538  1.222     -842.0366423
4.538  1.396     -842.0381235
4.538  1.571     -842.0391456
4.538  1.745     -842.0395468
4.538  1.920     -842.0391797
4.538  2.094     -842.0379262
4.538  2.269     -842.0356192
4.538  2.443     -842.0326598
4.538  2.618     -842.0296475
4.538  2.793     -842.0270619
4.538  2.967     -842.0200839
4.538  3.142     -842.0189294
4.538  3.316     -842.0196443
4.538  3.491     -842.0219461
4.538  3.665     -842.0251343
4.538  3.840     -842.0285117
4.538  4.014     -842.0318807
4.538  4.189     -842.0348035
4.538  4.363     -842.0371103
4.538  4.538     -842.0386625
4.538  4.712     -842.0391208
4.538  4.887     -842.0388907
4.538  5.061     -842.0382052
4.538  5.236     -842.0372356
4.538  5.411     -842.0356547
4.538  5.585     -842.0336672
4.538  5.760     -842.0315897
4.538  5.934     -842.0295199
4.538  6.109     -842.0274588
4.712  0.000     -842.0246481
4.712  0.175     -842.0238804
4.712  0.349     -842.0251195
4.712  0.524     -842.0272526
4.712  0.698     -842.0298629
4.712  0.873     -842.0323179
4.712  1.047     -842.0345990
4.712  1.222     -842.0364153
4.712  1.396     -842.0379236
4.712  1.571     -842.0392227
4.712  1.745     -842.0397820
4.712  1.920     -842.0396756
4.712  2.094     -842.0386620
4.712  2.269     -842.0366779
4.712  2.443     -842.0338532
4.712  2.618     -842.0308441
4.712  2.793     -842.0256795
4.712  2.967     -842.0236245
4.712  3.142     -842.0225935
4.712  3.316     -842.0229953
4.712  3.491     -842.0245184
4.712  3.665     -842.0269326
4.712  3.840     -842.0297502
4.712  4.014     -842.0325590
4.712  4.189     -842.0351117
4.712  4.363     -842.0373166
4.712  4.538     -842.0389233
4.712  4.712     -842.0394750
4.712  4.887     -842.0393260
4.712  5.061     -842.0387863
4.712  5.236     -842.0381314
4.712  5.411     -842.0370287
4.712  5.585     -842.0352774
4.712  5.760     -842.0330842
4.712  5.934     -842.0305922
4.712  6.109     -842.0277433
4.887  0.000     -842.0269323
4.887  0.175     -842.0266628
4.887  0.349     -842.0271348
4.887  0.524     -842.0284421
4.887  0.698     -842.0302119
4.887  0.873     -842.0321059
4.887  1.047     -842.0339184
4.887  1.222     -842.0355642
4.887  1.396     -842.0372350
4.887  1.571     -842.0385421
4.887  1.745     -842.0392907
4.887  1.920     -842.0394254
4.887  2.094     -842.0387592
4.887  2.269     -842.0372343
4.887  2.443     -842.0349059
4.887  2.618     -842.0312254
4.887  2.793     -842.0290424
4.887  2.967     -842.0271315
4.887  3.142     -842.0259368
4.887  3.316     -842.0258058
4.887  3.491     -842.0266892
4.887  3.665     -842.0282714
4.887  3.840     -842.0302737
4.887  4.014     -842.0324983
4.887  4.189     -842.0346851
4.887  4.363     -842.0369749
4.887  4.538     -842.0385959
4.887  4.712     -842.0392747
4.887  4.887     -842.0392786
4.887  5.061     -842.0389756
4.887  5.236     -842.0386136
4.887  5.411     -842.0379751
4.887  5.585     -842.0367504
4.887  5.760     -842.0346439
4.887  5.934     -842.0319181
4.887  6.109     -842.0286792
5.061  0.000     -842.0300873
5.061  0.175     -842.0290715
5.061  0.349     -842.0287280
5.061  0.524     -842.0291813
5.061  0.698     -842.0302011
5.061  0.873     -842.0313953
5.061  1.047     -842.0328790
5.061  1.222     -842.0345501
5.061  1.396     -842.0362025
5.061  1.571     -842.0375673
5.061  1.745     -842.0384753
5.061  1.920     -842.0386655
5.061  2.094     -842.0382477
5.061  2.269     -842.0371577
5.061  2.443     -842.0351767
5.061  2.618     -842.0338386
5.061  2.793     -842.0321990
5.061  2.967     -842.0304210
5.061  3.142     -842.0290121
5.061  3.316     -842.0283307
5.061  3.491     -842.0284812
5.061  3.665     -842.0293565
5.061  3.840     -842.0305070
5.061  4.014     -842.0322795
5.061  4.189     -842.0344295
5.061  4.363     -842.0366518
5.061  4.538     -842.0381783
5.061  4.712     -842.0388147
5.061  4.887     -842.0388596
5.061  5.061     -842.0385713
5.061  5.236     -842.0383194
5.061  5.411     -842.0379601
5.061  5.585     -842.0371566
5.061  5.760     -842.0355705
5.061  5.934     -842.0330065
5.061  6.109     -842.0312255
5.236  0.000     -842.0328058
5.236  0.175     -842.0313764
5.236  0.349     -842.0303434
5.236  0.524     -842.0300096
5.236  0.698     -842.0303777
5.236  0.873     -842.0312265
5.236  1.047     -842.0325233
5.236  1.222     -842.0339387
5.236  1.396     -842.0353946
5.236  1.571     -842.0365076
5.236  1.745     -842.0371729
5.236  1.920     -842.0372410
5.236  2.094     -842.0369406
5.236  2.269     -842.0361066
5.236  2.443     -842.0360516
5.236  2.618     -842.0358134
5.236  2.793     -842.0346470
5.236  2.967     -842.0330572
5.236  3.142     -842.0315752
5.236  3.316     -842.0305206
5.236  3.491     -842.0302140
5.236  3.665     -842.0304603
5.236  3.840     -842.0310893
5.236  4.014     -842.0325446
5.236  4.189     -842.0345034
5.236  4.363     -842.0365071
5.236  4.538     -842.0376580
5.236  4.712     -842.0379480
5.236  4.887     -842.0377827
5.236  5.061     -842.0373852
5.236  5.236     -842.0371525
5.236  5.411     -842.0369744
5.236  5.585     -842.0363917
5.236  5.760     -842.0355864
5.236  5.934     -842.0349917
5.236  6.109     -842.0342335
5.411  0.000     -842.0351806
5.411  0.175     -842.0335104
5.411  0.349     -842.0320862
5.411  0.524     -842.0313973
5.411  0.698     -842.0313145
5.411  0.873     -842.0318782
5.411  1.047     -842.0327368
5.411  1.222     -842.0336861
5.411  1.396     -842.0345516
5.411  1.571     -842.0351681
5.411  1.745     -842.0353486
5.411  1.920     -842.0352919
5.411  2.094     -842.0351498
5.411  2.269     -842.0355021
5.411  2.443     -842.0363995
5.411  2.618     -842.0368507
5.411  2.793     -842.0362812
5.411  2.967     -842.0349608
5.411  3.142     -842.0334911
5.411  3.316     -842.0323039
5.411  3.491     -842.0317377
5.411  3.665     -842.0316704
5.411  3.840     -842.0321632
5.411  4.014     -842.0333763
5.411  4.189     -842.0349355
5.411  4.363     -842.0360864
5.411  4.538     -842.0367737
5.411  4.712     -842.0365876
5.411  4.887     -842.0359839
5.411  5.061     -842.0354985
5.411  5.236     -842.0352566
5.411  5.411     -842.0352097
5.411  5.585     -842.0351546
5.411  5.760     -842.0358146
5.411  5.934     -842.0367219
5.411  6.109     -842.0364618
5.585  0.000     -842.0369774
5.585  0.175     -842.0355275
5.585  0.349     -842.0341675
5.585  0.524     -842.0332738
5.585  0.698     -842.0329416
5.585  0.873     -842.0329569
5.585  1.047     -842.0331148
5.585  1.222     -842.0333427
5.585  1.396     -842.0334896
5.585  1.571     -842.0335525
5.585  1.745     -842.0336036
5.585  1.920     -842.0331167
5.585  2.094     -842.0337978
5.585  2.269     -842.0349791
5.585  2.443     -842.0363786
5.585  2.618     -842.0371225
5.585  2.793     -842.0369972
5.585  2.967     -842.0360950
5.585  3.142     -842.0348242
5.585  3.316     -842.0337623
5.585  3.491     -842.0331065
5.585  3.665     -842.0327504
5.585  3.840     -842.0332855
5.585  4.014     -842.0340115
5.585  4.189     -842.0349319
5.585  4.363     -842.0354551
5.585  4.538     -842.0352339
5.585  4.712     -842.0347158
5.585  4.887     -842.0340593
5.585  5.061     -842.0336617
5.585  5.236     -842.0335053
5.585  5.411     -842.0335343
5.585  5.585     -842.0346456
5.585  5.760     -842.0361573
5.585  5.934     -842.0375402
5.585  6.109     -842.0378091
5.760  0.000     -842.0381246
5.760  0.175     -842.0371723
5.760  0.349     -842.0359729
5.760  0.524     -842.0350280
5.760  0.698     -842.0342437
5.760  0.873     -842.0336608
5.760  1.047     -842.0331660
5.760  1.222     -842.0327299
5.760  1.396     -842.0323207
5.760  1.571     -842.0320976
5.760  1.745     -842.0320020
5.760  1.920     -842.0319521
5.760  2.094     -842.0332097
5.760  2.269     -842.0346613
5.760  2.443     -842.0361196
5.760  2.618     -842.0370720
5.760  2.793     -842.0372187
5.760  2.967     -842.0366123
5.760  3.142     -842.0356230
5.760  3.316     -842.0348136
5.760  3.491     -842.0341342
5.760  3.665     -842.0340616
5.760  3.840     -842.0342385
5.760  4.014     -842.0345835
5.760  4.189     -842.0348082
5.760  4.363     -842.0346065
5.760  4.538     -842.0338780
5.760  4.712     -842.0329852
5.760  4.887     -842.0323011
5.760  5.061     -842.0318913
5.760  5.236     -842.0318733
5.760  5.411     -842.0330126
5.760  5.585     -842.0346276
5.760  5.760     -842.0364151
5.760  5.934     -842.0379166
5.760  6.109     -842.0384675
5.934  0.000     -842.0387573
5.934  0.175     -842.0381828
5.934  0.349     -842.0372780
5.934  0.524     -842.0362318
5.934  0.698     -842.0350971
5.934  0.873     -842.0340222
5.934  1.047     -842.0330161
5.934  1.222     -842.0320474
5.934  1.396     -842.0313266
5.934  1.571     -842.0308607
5.934  1.745     -842.0300227
5.934  1.920     -842.0314740
5.934  2.094     -842.0329481
5.934  2.269     -842.0345578
5.934  2.443     -842.0360524
5.934  2.618     -842.0371041
5.934  2.793     -842.0373448
5.934  2.967     -842.0369568
5.934  3.142     -842.0362491
5.934  3.316     -842.0356256
5.934  3.491     -842.0350462
5.934  3.665     -842.0348500
5.934  3.840     -842.0348689
5.934  4.014     -842.0348352
5.934  4.189     -842.0345313
5.934  4.363     -842.0338100
5.934  4.538     -842.0327006
5.934  4.712     -842.0316868
5.934  4.887     -842.0309126
5.934  5.061     -842.0307426
5.934  5.236     -842.0315297
5.934  5.411     -842.0329980
5.934  5.585     -842.0347763
5.934  5.760     -842.0368172
5.934  5.934     -842.0381898
5.934  6.109     -842.0388586
6.109  0.000     -842.0391962
6.109  0.175     -842.0388025
6.109  0.349     -842.0381693
6.109  0.524     -842.0369373
6.109  0.698     -842.0356293
6.109  0.873     -842.0341875
6.109  1.047     -842.0327980
6.109  1.222     -842.0315307
6.109  1.396     -842.0305345
6.109  1.571     -842.0298707
6.109  1.745     -842.0298468
6.109  1.920     -842.0314896
6.109  2.094     -842.0330466
6.109  2.269     -842.0348006
6.109  2.443     -842.0363813
6.109  2.618     -842.0373966
6.109  2.793     -842.0375994
6.109  2.967     -842.0372901
6.109  3.142     -842.0368144
6.109  3.316     -842.0363371
6.109  3.491     -842.0357320
6.109  3.665     -842.0355281
6.109  3.840     -842.0353006
6.109  4.014     -842.0350069
6.109  4.189     -842.0345022
6.109  4.363     -842.0334140
6.109  4.538     -842.0318331
6.109  4.712     -842.0305602
6.109  4.887     -842.0298332
6.109  5.061     -842.0303759
6.109  5.236     -842.0315558
6.109  5.411     -842.0333067
6.109  5.585     -842.0352150
6.109  5.760     -842.0371865
6.109  5.934     -842.0385096
6.109  6.109     -842.0391635
