0.000  0.000     -767.8191284
0.000  0.175     -767.8187402
0.000  0.349     -767.8176863
0.000  0.524     -767.8162843
0.000  0.698     -767.8147293
0.000  0.873     -767.8137240
0.000  1.047     -767.8127254
0.000  1.222     -767.8123380
0.000  1.396     -767.8121165
0.000  1.571     -767.8125283
0.000  1.745     -767.8133831
0.000  1.920     -767.8143427
0.000  2.094     -767.8151349
0.000  2.269     -767.8156945
0.000  2.443     -767.8161605
0.000  2.618     -767.8165331
0.000  2.793     -767.8166723
0.000  2.967     -767.8166459
0.000  3.142     -767.8165667
0.000  3.316     -767.8163857
0.000  3.491     -767.8159691
0.000  3.665     -767.8156196
0.000  3.840     -767.8152915
0.000  4.014     -767.8148563
0.000  4.189     -767.8142462
0.000  4.363     -767.8136732
0.000  4.538     -767.8132060
0.000  4.712     -767.8129379
0.000  4.887     -767.8131910
0.000  5.061     -767.8136426
0.000  5.236     -767.8142389
0.000  5.411     -767.8150539
0.000  5.585     -767.8158427
0.000  5.760     -767.8167991
0.000  5.934     -767.8177576
0.000  6.109     -767.8186353
0.175  0.000     -767.8185018
0.175  0.175     -767.8175807
0.175  0.349     -767.8158386
0.175  0.524     -767.8139088
0.175  0.698     -767.8123751
0.175  0.873     -767.8115245
0.175  1.047     -767.8109932
0.175  1.222     -767.8113143
0.175  1.396     -767.8117981
0.175  1.571     -767.8128781
0.175  1.745     -767.8142074
0.175  1.920     -767.8155045
0.175  2.094     -767.8164418
0.175  2.269     -767.8169635
0.175  2.443     -767.8172344
0.175  2.618     -767.8173718
0.175  2.793     -767.8172326
0.175  2.967     -767.8167120
0.175  3.142     -767.8160522
0.175  3.316     -767.8152468
0.175  3.491     -767.8142332
0.175  3.665     -767.8133584
0.175  3.840     -767.8128180
0.175  4.014     -767.8126052
0.175  4.189     -767.8126143
0.175  4.363     -767.8128880
0.175  4.538     -767.8132829
0.175  4.712     -767.8138450
0.175  4.887     -767.8145534
0.175  5.061     -767.8151564
0.175  5.236     -767.8157318
0.175  5.411     -767.8164257
0.175  5.585     -767.8171847
0.175  5.760     -767.8178081
0.175  5.934     -767.8183115
0.175  6.109     -767.8186023
0.349  0.000     -767.8168221
0.349  0.175     -767.8152946
0.349  0.349     -767.8130022
0.349  0.524     -767.8107047
0.349  0.698     -767.8094532
0.349  0.873     -767.8093874
0.349  1.047     -767.8096020
0.349  1.222     -767.8103085
0.349  1.396     -767.8113433
0.349  1.571     -767.8128160
0.349  1.745     -767.8143993
0.349  1.920     -767.8157652
0.349  2.094     -767.8166370
0.349  2.269     -767.8169891
0.349  2.443     -767.8169892
0.349  2.618     -767.8168572
0.349  2.793     -767.8165237
0.349  2.967     -767.8156638
0.349  3.142     -767.8144934
0.349  3.316     -767.8131295
0.349  3.491     -767.8116272
0.349  3.665     -767.8103080
0.349  3.840     -767.8097287
0.349  4.014     -767.8100341
0.349  4.189     -767.8109868
0.349  4.363     -767.8121719
0.349  4.538     -767.8132185
0.349  4.712     -767.8141336
0.349  4.887     -767.8149903
0.349  5.061     -767.8154909
0.349  5.236     -767.8159050
0.349  5.411     -767.8164903
0.349  5.585     -767.8170478
0.349  5.760     -767.8175172
0.349  5.934     -767.8176909
0.349  6.109     -767.8175595
0.524  0.000     -767.8142901
0.524  0.175     -767.8122735
0.524  0.349     -767.8094041
0.524  0.524     -767.8071189
0.524  0.698     -767.8068234
0.524  0.873     -767.8076472
0.524  1.047     -767.8084573
0.524  1.222     -767.8094667
0.524  1.396     -767.8107454
0.524  1.571     -767.8124186
0.524  1.745     -767.8139283
0.524  1.920     -767.8150873
0.524  2.094     -767.8157161
0.524  2.269     -767.8158571
0.524  2.443     -767.8156234
0.524  2.618     -767.8152722
0.524  2.793     -767.8147608
0.524  2.967     -767.8136251
0.524  3.142     -767.8120546
0.524  3.316     -767.8102373
0.524  3.491     -767.8083134
0.524  3.665     -767.8067751
0.524  3.840     -767.8066029
0.524  4.014     -767.8079226
0.524  4.189     -767.8099161
0.524  4.363     -767.8116766
0.524  4.538     -767.8129182
0.524  4.712     -767.8137367
0.524  4.887     -767.8143650
0.524  5.061     -767.8146448
0.524  5.236     -767.8148298
0.524  5.411     -767.8152131
0.524  5.585     -767.8156447
0.524  5.760     -767.8157865
0.524  5.934     -767.8159036
0.524  6.109     -767.8154500
0.698  0.000     -767.8111150
0.698  0.175     -767.8087250
0.698  0.349     -767.8055523
0.698  0.524     -767.8042513
0.698  0.698     -767.8053331
0.698  0.873     -767.8064916
0.698  1.047     -767.8078162
0.698  1.222     -767.8089330
0.698  1.396     -767.8102234
0.698  1.571     -767.8116466
0.698  1.745     -767.8127851
0.698  1.920     -767.8135804
0.698  2.094     -767.8138983
0.698  2.269     -767.8138486
0.698  2.443     -767.8134404
0.698  2.618     -767.8129342
0.698  2.793     -767.8121824
0.698  2.967     -767.8108157
0.698  3.142     -767.8089664
0.698  3.316     -767.8068501
0.698  3.491     -767.8047295
0.698  3.665     -767.8032725
0.698  3.840     -767.8041410
0.698  4.014     -767.8071402
0.698  4.189     -767.8095944
0.698  4.363     -767.8113976
0.698  4.538     -767.8124421
0.698  4.712     -767.8129091
0.698  4.887     -767.8130931
0.698  5.061     -767.8129824
0.698  5.236     -767.8128974
0.698  5.411     -767.8130521
0.698  5.585     -767.8132212
0.698  5.760     -767.8132977
0.698  5.934     -767.8130825
0.698  6.109     -767.8124960
0.873  0.000     -767.8074618
0.873  0.175     -767.8049379
0.873  0.349     -767.8020229
0.873  0.524     -767.8028901
0.873  0.698     -767.8050890
0.873  0.873     -767.8066462
0.873  1.047     -767.8077822
0.873  1.222     -767.8087854
0.873  1.396     -767.8097569
0.873  1.571     -767.8106524
0.873  1.745     -767.8112753
0.873  1.920     -767.8115837
0.873  2.094     -767.8115232
0.873  2.269     -767.8112693
0.873  2.443     -767.8107259
0.873  2.618     -767.8100377
0.873  2.793     -767.8090449
0.873  2.967     -767.8074803
0.873  3.142     -767.8054906
0.873  3.316     -767.8032558
0.873  3.491     -767.8011803
0.873  3.665     -767.8008348
0.873  3.840     -767.8045758
0.873  4.014     -767.8077416
0.873  4.189     -767.8100308
0.873  4.363     -767.8114008
0.873  4.538     -767.8119585
0.873  4.712     -767.8118360
0.873  4.887     -767.8113983
0.873  5.061     -767.8109120
0.873  5.236     -767.8105619
0.873  5.411     -767.8104217
0.873  5.585     -767.8103393
0.873  5.760     -767.8103852
0.873  5.934     -767.8098180
0.873  6.109     -767.8090620
1.047  0.000     -767.8038272
1.047  0.175     -767.8013839
1.047  0.349     -767.8014398
1.047  0.524     -767.8039294
1.047  0.698     -767.8058655
1.047  0.873     -767.8070808
1.047  1.047     -767.8085167
1.047  1.222     -767.8090378
1.047  1.396     -767.8094424
1.047  1.571     -767.8096895
1.047  1.745     -767.8097238
1.047  1.920     -767.8094844
1.047  2.094     -767.8089798
1.047  2.269     -767.8084501
1.047  2.443     -767.8077253
1.047  2.618     -767.8068583
1.047  2.793     -767.8056332
1.047  2.967     -767.8039678
1.047  3.142     -767.8019587
1.047  3.316     -767.7997345
1.047  3.491     -767.7978748
1.047  3.665     -767.8026447
1.047  3.840     -767.8063155
1.047  4.014     -767.8091507
1.047  4.189     -767.8109280
1.047  4.363     -767.8116511
1.047  4.538     -767.8115387
1.047  4.712     -767.8107814
1.047  4.887     -767.8097621
1.047  5.061     -767.8088631
1.047  5.236     -767.8081832
1.047  5.411     -767.8076963
1.047  5.585     -767.8074742
1.047  5.760     -767.8072307
1.047  5.934     -767.8063586
1.047  6.109     -767.8055324
1.222  0.000     -767.8003889
1.222  0.175     -767.8004497
1.222  0.349     -767.8032253
1.222  0.524     -767.8055712
1.222  0.698     -767.8073335
1.222  0.873     -767.8085818
1.222  1.047     -767.8093493
1.222  1.222     -767.8094811
1.222  1.396     -767.8092604
1.222  1.571     -767.8088694
1.222  1.745     -767.8082391
1.222  1.920     -767.8074440
1.222  2.094     -767.8065597
1.222  2.269     -767.8057650
1.222  2.443     -767.8047482
1.222  2.618     -767.8036214
1.222  2.793     -767.8022072
1.222  2.967     -767.8005629
1.222  3.142     -767.7986229
1.222  3.316     -767.7966260
1.222  3.491     -767.8009207
1.222  3.665     -767.8049179
1.222  3.840     -767.8083088
1.222  4.014     -767.8107080
1.222  4.189     -767.8119595
1.222  4.363     -767.8120309
1.222  4.538     -767.8112288
1.222  4.712     -767.8098537
1.222  4.887     -767.8083683
1.222  5.061     -767.8070325
1.222  5.236     -767.8059413
1.222  5.411     -767.8051592
1.222  5.585     -767.8045011
1.222  5.760     -767.8041017
1.222  5.934     -767.8030962
1.222  6.109     -767.8020696
1.396  0.000     -767.7994338
1.396  0.175     -767.8026266
1.396  0.349     -767.8053209
1.396  0.524     -767.8074179
1.396  0.698     -767.8091004
1.396  0.873     -767.8099949
1.396  1.047     -767.8102979
1.396  1.222     -767.8099865
1.396  1.396     -767.8092389
1.396  1.571     -767.8082235
1.396  1.745     -767.8069980
1.396  1.920     -767.8056645
1.396  2.094     -767.8043603
1.396  2.269     -767.8033186
1.396  2.443     -767.8020794
1.396  2.618     -767.8007163
1.396  2.793     -767.7992649
1.396  2.967     -767.7976598
1.396  3.142     -767.7958179
1.396  3.316     -767.7993794
1.396  3.491     -767.8034013
1.396  3.665     -767.8072737
1.396  3.840     -767.8103771
1.396  4.014     -767.8123471
1.396  4.189     -767.8130242
1.396  4.363     -767.8124617
1.396  4.538     -767.8110715
1.396  4.712     -767.8091927
1.396  4.887     -767.8073413
1.396  5.061     -767.8055273
1.396  5.236     -767.8041357
1.396  5.411     -767.8030312
1.396  5.585     -767.8020709
1.396  5.760     -767.8013228
1.396  5.934     -767.8002380
1.396  6.109     -767.7991229
1.571  0.000     -767.8018112
1.571  0.175     -767.8049025
1.571  0.349     -767.8074228
1.571  0.524     -767.8093177
1.571  0.698     -767.8107352
1.571  0.873     -767.8113323
1.571  1.047     -767.8111626
1.571  1.222     -767.8106024
1.571  1.396     -767.8094188
1.571  1.571     -767.8077978
1.571  1.745     -767.8060050
1.571  1.920     -767.8042740
1.571  2.094     -767.8026279
1.571  2.269     -767.8011718
1.571  2.443     -767.7997374
1.571  2.618     -767.7983764
1.571  2.793     -767.7969881
1.571  2.967     -767.7954606
1.571  3.142     -767.7983632
1.571  3.316     -767.8019337
1.571  3.491     -767.8058412
1.571  3.665     -767.8095285
1.571  3.840     -767.8123523
1.571  4.014     -767.8139675
1.571  4.189     -767.8141454
1.571  4.363     -767.8129439
1.571  4.538     -767.8109758
1.571  4.712     -767.8087750
1.571  4.887     -767.8066163
1.571  5.061     -767.8044048
1.571  5.236     -767.8027496
1.571  5.411     -767.8013939
1.571  5.585     -767.8001464
1.571  5.760     -767.7992074
1.571  5.934     -767.7982263
1.571  6.109     -767.7982509
1.745  0.000     -767.8042300
1.745  0.175     -767.8072082
1.745  0.349     -767.8095121
1.745  0.524     -767.8111802
1.745  0.698     -767.8121733
1.745  0.873     -767.8124685
1.745  1.047     -767.8120898
1.745  1.222     -767.8112278
1.745  1.396     -767.8096329
1.745  1.571     -767.8075771
1.745  1.745     -767.8053938
1.745  1.920     -767.8033046
1.745  2.094     -767.8015110
1.745  2.269     -767.7997038
1.745  2.443     -767.7982804
1.745  2.618     -767.7971109
1.745  2.793     -767.7962004
1.745  2.967     -767.7976609
1.745  3.142     -767.8007588
1.745  3.316     -767.8043256
1.745  3.491     -767.8080327
1.745  3.665     -767.8115276
1.745  3.840     -767.8140657
1.745  4.014     -767.8153353
1.745  4.189     -767.8151319
1.745  4.363     -767.8134877
1.745  4.538     -767.8109755
1.745  4.712     -767.8084982
1.745  4.887     -767.8061740
1.745  5.061     -767.8038036
1.745  5.236     -767.8019962
1.745  5.411     -767.8005589
1.745  5.585     -767.7993514
1.745  5.760     -767.7980353
1.745  5.934     -767.7975220
1.745  6.109     -767.8007003
1.920  0.000     -767.8065871
1.920  0.175     -767.8094447
1.920  0.349     -767.8115720
1.920  0.524     -767.8130229
1.920  0.698     -767.8133786
1.920  0.873     -767.8135809
1.920  1.047     -767.8129941
1.920  1.222     -767.8117197
1.920  1.396     -767.8097970
1.920  1.571     -767.8075154
1.920  1.745     -767.8051695
1.920  1.920     -767.8029836
1.920  2.094     -767.8010872
1.920  2.269     -767.7994047
1.920  2.443     -767.7982501
1.920  2.618     -767.7975638
1.920  2.793     -767.7982203
1.920  2.967     -767.8000291
1.920  3.142     -767.8030477
1.920  3.316     -767.8065055
1.920  3.491     -767.8099807
1.920  3.665     -767.8132098
1.920  3.840     -767.8154599
1.920  4.014     -767.8163875
1.920  4.189     -767.8158274
1.920  4.363     -767.8139172
1.920  4.538     -767.8110782
1.920  4.712     -767.8082964
1.920  4.887     -767.8059859
1.920  5.061     -767.8037032
1.920  5.236     -767.8021549
1.920  5.411     -767.8005672
1.920  5.585     -767.7994265
1.920  5.760     -767.7986484
1.920  5.934     -767.7996372
1.920  6.109     -767.8031605
2.094  0.000     -767.8088077
2.094  0.175     -767.8114663
2.094  0.349     -767.8133108
2.094  0.524     -767.8143712
2.094  0.698     -767.8146600
2.094  0.873     -767.8145046
2.094  1.047     -767.8135502
2.094  1.222     -767.8119095
2.094  1.396     -767.8098523
2.094  1.571     -767.8075742
2.094  1.745     -767.8053261
2.094  1.920     -767.8033509
2.094  2.094     -767.8016360
2.094  2.269     -767.8004290
2.094  2.443     -767.7994365
2.094  2.618     -767.7994593
2.094  2.793     -767.8004954
2.094  2.967     -767.8023788
2.094  3.142     -767.8052240
2.094  3.316     -767.8084809
2.094  3.491     -767.8117155
2.094  3.665     -767.8146299
2.094  3.840     -767.8166006
2.094  4.014     -767.8171632
2.094  4.189     -767.8162231
2.094  4.363     -767.8140917
2.094  4.538     -767.8111610
2.094  4.712     -767.8083384
2.094  4.887     -767.8061620
2.094  5.061     -767.8040965
2.094  5.236     -767.8025867
2.094  5.411     -767.8014295
2.094  5.585     -767.8005087
2.094  5.760     -767.8003009
2.094  5.934     -767.8021447
2.094  6.109     -767.8055779
2.269  0.000     -767.8108837
2.269  0.175     -767.8132268
2.269  0.349     -767.8147189
2.269  0.524     -767.8153602
2.269  0.698     -767.8153862
2.269  0.873     -767.8146696
2.269  1.047     -767.8135178
2.269  1.222     -767.8118419
2.269  1.396     -767.8098085
2.269  1.571     -767.8077111
2.269  1.745     -767.8058320
2.269  1.920     -767.8042238
2.269  2.094     -767.8028461
2.269  2.269     -767.8020924
2.269  2.443     -767.8016060
2.269  2.618     -767.8018518
2.269  2.793     -767.8030481
2.269  2.967     -767.8048247
2.269  3.142     -767.8073317
2.269  3.316     -767.8101399
2.269  3.491     -767.8130240
2.269  3.665     -767.8155907
2.269  3.840     -767.8172485
2.269  4.014     -767.8174840
2.269  4.189     -767.8162668
2.269  4.363     -767.8140178
2.269  4.538     -767.8111519
2.269  4.712     -767.8085417
2.269  4.887     -767.8065748
2.269  5.061     -767.8049645
2.269  5.236     -767.8036280
2.269  5.411     -767.8028533
2.269  5.585     -767.8023313
2.269  5.760     -767.8026649
2.269  5.934     -767.8048219
2.269  6.109     -767.8079228
2.443  0.000     -767.8128318
2.443  0.175     -767.8147054
2.443  0.349     -767.8157190
2.443  0.524     -767.8158918
2.443  0.698     -767.8155453
2.443  0.873     -767.8145068
2.443  1.047     -767.8131290
2.443  1.222     -767.8114944
2.443  1.396     -767.8097338
2.443  1.571     -767.8080604
2.443  1.745     -767.8066632
2.443  1.920     -767.8054810
2.443  2.094     -767.8045357
2.443  2.269     -767.8041463
2.443  2.443     -767.8041198
2.443  2.618     -767.8045560
2.443  2.793     -767.8057716
2.443  2.967     -767.8073549
2.443  3.142     -767.8094943
2.443  3.316     -767.8117588
2.443  3.491     -767.8140581
2.443  3.665     -767.8160807
2.443  3.840     -767.8173411
2.443  4.014     -767.8172636
2.443  4.189     -767.8158650
2.443  4.363     -767.8136903
2.443  4.538     -767.8110491
2.443  4.712     -767.8088233
2.443  4.887     -767.8072268
2.443  5.061     -767.8060640
2.443  5.236     -767.8050837
2.443  5.411     -767.8046671
2.443  5.585     -767.8046467
2.443  5.760     -767.8054438
2.443  5.934     -767.8075455
2.443  6.109     -767.8102704
2.618  0.000     -767.8144852
2.618  0.175     -767.8158361
2.618  0.349     -767.8162151
2.618  0.524     -767.8158841
2.618  0.698     -767.8150069
2.618  0.873     -767.8138233
2.618  1.047     -767.8123019
2.618  1.222     -767.8107450
2.618  1.396     -767.8094263
2.618  1.571     -767.8083432
2.618  1.745     -767.8074437
2.618  1.920     -767.8069214
2.618  2.094     -767.8065199
2.618  2.269     -767.8065040
2.618  2.443     -767.8068389
2.618  2.618     -767.8074190
2.618  2.793     -767.8084617
2.618  2.967     -767.8097758
2.618  3.142     -767.8113915
2.618  3.316     -767.8131014
2.618  3.491     -767.8147671
2.618  3.665     -767.8160636
2.618  3.840     -767.8168160
2.618  4.014     -767.8164825
2.618  4.189     -767.8150321
2.618  4.363     -767.8130696
2.618  4.538     -767.8109354
2.618  4.712     -767.8092560
2.618  4.887     -767.8081880
2.618  5.061     -767.8074956
2.618  5.236     -767.8069299
2.618  5.411     -767.8069422
2.618  5.585     -767.8073662
2.618  5.760     -767.8083492
2.618  5.934     -767.8101317
2.618  6.109     -767.8123841
2.793  0.000     -767.8157806
2.793  0.175     -767.8164551
2.793  0.349     -767.8160864
2.793  0.524     -767.8150502
2.793  0.698     -767.8137570
2.793  0.873     -767.8123053
2.793  1.047     -767.8109462
2.793  1.222     -767.8098121
2.793  1.396     -767.8089044
2.793  1.571     -767.8084748
2.793  1.745     -767.8083700
2.793  1.920     -767.8085340
2.793  2.094     -767.8086848
2.793  2.269     -767.8090086
2.793  2.443     -767.8095107
2.793  2.618     -767.8101050
2.793  2.793     -767.8108785
2.793  2.967     -767.8118436
2.793  3.142     -767.8129386
2.793  3.316     -767.8139959
2.793  3.491     -767.8149328
2.793  3.665     -767.8155047
2.793  3.840     -767.8156454
2.793  4.014     -767.8151578
2.793  4.189     -767.8140086
2.793  4.363     -767.8124651
2.793  4.538     -767.8109185
2.793  4.712     -767.8098280
2.793  4.887     -767.8094749
2.793  5.061     -767.8092660
2.793  5.236     -767.8092126
2.793  5.411     -767.8094462
2.793  5.585     -767.8101928
2.793  5.760     -767.8110940
2.793  5.934     -767.8124801
2.793  6.109     -767.8142795
2.967  0.000     -767.8165324
2.967  0.175     -767.8165027
2.967  0.349     -767.8153925
2.967  0.524     -767.8137147
2.967  0.698     -767.8120164
2.967  0.873     -767.8107594
2.967  1.047     -767.8094267
2.967  1.222     -767.8087159
2.967  1.396     -767.8083143
2.967  1.571     -767.8087012
2.967  1.745     -767.8095628
2.967  1.920     -767.8103927
2.967  2.094     -767.8109157
2.967  2.269     -767.8113920
2.967  2.443     -767.8119577
2.967  2.618     -767.8124596
2.967  2.793     -767.8129054
2.967  2.967     -767.8133553
2.967  3.142     -767.8139463
2.967  3.316     -767.8143594
2.967  3.491     -767.8145845
2.967  3.665     -767.8145347
2.967  3.840     -767.8142536
2.967  4.014     -767.8138028
2.967  4.189     -767.8129306
2.967  4.363     -767.8119552
2.967  4.538     -767.8111080
2.967  4.712     -767.8107495
2.967  4.887     -767.8110908
2.967  5.061     -767.8112241
2.967  5.236     -767.8115164
2.967  5.411     -767.8119524
2.967  5.585     -767.8127716
2.967  5.760     -767.8134718
2.967  5.934     -767.8144107
2.967  6.109     -767.8156412
3.142  0.000     -767.8165237
3.142  0.175     -767.8157756
3.142  0.349     -767.8140740
3.142  0.524     -767.8120611
3.142  0.698     -767.8103817
3.142  0.873     -767.8090988
3.142  1.047     -767.8084624
3.142  1.222     -767.8080864
3.142  1.396     -767.8081439
3.142  1.571     -767.8092002
3.142  1.745     -767.8107153
3.142  1.920     -767.8119967
3.142  2.094     -767.8127852
3.142  2.269     -767.8133216
3.142  2.443     -767.8138204
3.142  2.618     -767.8141025
3.142  2.793     -767.8142185
3.142  2.967     -767.8141706
3.142  3.142     -767.8141007
3.142  3.316     -767.8139172
3.142  3.491     -767.8135940
3.142  3.665     -767.8131984
3.142  3.840     -767.8129139
3.142  4.014     -767.8124995
3.142  4.189     -767.8121127
3.142  4.363     -767.8116703
3.142  4.538     -767.8114013
3.142  4.712     -767.8119344
3.142  4.887     -767.8123288
3.142  5.061     -767.8127534
3.142  5.236     -767.8132034
3.142  5.411     -767.8138659
3.142  5.585     -767.8146493
3.142  5.760     -767.8151309
3.142  5.934     -767.8157298
3.142  6.109     -767.8163367
3.316  0.000     -767.8158163
3.316  0.175     -767.8144569
3.316  0.349     -767.8122573
3.316  0.524     -767.8101052
3.316  0.698     -767.8087904
3.316  0.873     -767.8079524
3.316  1.047     -767.8074625
3.316  1.222     -767.8076207
3.316  1.396     -767.8084452
3.316  1.571     -767.8099526
3.316  1.745     -767.8116448
3.316  1.920     -767.8130942
3.316  2.094     -767.8140612
3.316  2.269     -767.8146387
3.316  2.443     -767.8148950
3.316  2.618     -767.8148182
3.316  2.793     -767.8145914
3.316  2.967     -767.8141571
3.316  3.142     -767.8135759
3.316  3.316     -767.8128590
3.316  3.491     -767.8120889
3.316  3.665     -767.8114882
3.316  3.840     -767.8113143
3.316  4.014     -767.8112441
3.316  4.189     -767.8112425
3.316  4.363     -767.8114593
3.316  4.538     -767.8122938
3.316  4.712     -767.8127295
3.316  4.887     -767.8130996
3.316  5.061     -767.8135424
3.316  5.236     -767.8140420
3.316  5.411     -767.8149362
3.316  5.585     -767.8155651
3.316  5.760     -767.8158325
3.316  5.934     -767.8161771
3.316  6.109     -767.8162735
3.491  0.000     -767.8145123
3.491  0.175     -767.8127348
3.491  0.349     -767.8102444
3.491  0.524     -767.8081157
3.491  0.698     -767.8070475
3.491  0.873     -767.8066369
3.491  1.047     -767.8067886
3.491  1.222     -767.8075315
3.491  1.396     -767.8088883
3.491  1.571     -767.8104098
3.491  1.745     -767.8122488
3.491  1.920     -767.8137488
3.491  2.094     -767.8146704
3.491  2.269     -767.8150334
3.491  2.443     -767.8148937
3.491  2.618     -767.8146360
3.491  2.793     -767.8142599
3.491  2.967     -767.8135705
3.491  3.142     -767.8125232
3.491  3.316     -767.8114061
3.491  3.491     -767.8103168
3.491  3.665     -767.8096873
3.491  3.840     -767.8094672
3.491  4.014     -767.8101287
3.491  4.189     -767.8107276
3.491  4.363     -767.8117496
3.491  4.538     -767.8127829
3.491  4.712     -767.8132242
3.491  4.887     -767.8136764
3.491  5.061     -767.8139960
3.491  5.236     -767.8143391
3.491  5.411     -767.8150222
3.491  5.585     -767.8154268
3.491  5.760     -767.8155543
3.491  5.934     -767.8157024
3.491  6.109     -767.8154795
3.665  0.000     -767.8126921
3.665  0.175     -767.8106403
3.665  0.349     -767.8079559
3.665  0.524     -767.8059391
3.665  0.698     -767.8053641
3.665  0.873     -767.8057653
3.665  1.047     -767.8067398
3.665  1.222     -767.8079452
3.665  1.396     -767.8093531
3.665  1.571     -767.8113669
3.665  1.745     -767.8128486
3.665  1.920     -767.8139768
3.665  2.094     -767.8146362
3.665  2.269     -767.8146830
3.665  2.443     -767.8143460
3.665  2.618     -767.8139689
3.665  2.793     -767.8133854
3.665  2.967     -767.8124146
3.665  3.142     -767.8110705
3.665  3.316     -767.8095972
3.665  3.491     -767.8082446
3.665  3.665     -767.8074989
3.665  3.840     -767.8078488
3.665  4.014     -767.8089987
3.665  4.189     -767.8104556
3.665  4.363     -767.8121370
3.665  4.538     -767.8131429
3.665  4.712     -767.8136175
3.665  4.887     -767.8137272
3.665  5.061     -767.8139978
3.665  5.236     -767.8141662
3.665  5.411     -767.8144232
3.665  5.585     -767.8145496
3.665  5.760     -767.8145847
3.665  5.934     -767.8144718
3.665  6.109     -767.8139691
3.840  0.000     -767.8105907
3.840  0.175     -767.8082739
3.840  0.349     -767.8054445
3.840  0.524     -767.8036861
3.840  0.698     -767.8042887
3.840  0.873     -767.8058240
3.840  1.047     -767.8073300
3.840  1.222     -767.8088867
3.840  1.396     -767.8102774
3.840  1.571     -767.8117104
3.840  1.745     -767.8129970
3.840  1.920     -767.8137610
3.840  2.094     -767.8139514
3.840  2.269     -767.8136705
3.840  2.443     -767.8131624
3.840  2.618     -767.8125025
3.840  2.793     -767.8116550
3.840  2.967     -767.8105015
3.840  3.142     -767.8090651
3.840  3.316     -767.8074283
3.840  3.491     -767.8059312
3.840  3.665     -767.8052967
3.840  3.840     -767.8061517
3.840  4.014     -767.8087079
3.840  4.189     -767.8110756
3.840  4.363     -767.8126845
3.840  4.538     -767.8135100
3.840  4.712     -767.8137220
3.840  4.887     -767.8136683
3.840  5.061     -767.8135578
3.840  5.236     -767.8133366
3.840  5.411     -767.8133134
3.840  5.585     -767.8132820
3.840  5.760     -767.8131424
3.840  5.934     -767.8127579
3.840  6.109     -767.8120319
4.014  0.000     -767.8081687
4.014  0.175     -767.8056242
4.014  0.349     -767.8027300
4.014  0.524     -767.8030253
4.014  0.698     -767.8053484
4.014  0.873     -767.8071965
4.014  1.047     -767.8087639
4.014  1.222     -767.8101526
4.014  1.396     -767.8113048
4.014  1.571     -767.8119782
4.014  1.745     -767.8127646
4.014  1.920     -767.8130647
4.014  2.094     -767.8129796
4.014  2.269     -767.8124680
4.014  2.443     -767.8116816
4.014  2.618     -767.8108141
4.014  2.793     -767.8097996
4.014  2.967     -767.8084898
4.014  3.142     -767.8068578
4.014  3.316     -767.8050006
4.014  3.491     -767.8034939
4.014  3.665     -767.8032820
4.014  3.840     -767.8072080
4.014  4.014     -767.8103944
4.014  4.189     -767.8125862
4.014  4.363     -767.8137038
4.014  4.538     -767.8140851
4.014  4.712     -767.8138122
4.014  4.887     -767.8132326
4.014  5.061     -767.8125760
4.014  5.236     -767.8120134
4.014  5.411     -767.8118380
4.014  5.585     -767.8116878
4.014  5.760     -767.8112793
4.014  5.934     -767.8106400
4.014  6.109     -767.8097315
4.189  0.000     -767.8054543
4.189  0.175     -767.8028202
4.189  0.349     -767.8001705
4.189  0.524     -767.8054432
4.189  0.698     -767.8076260
4.189  0.873     -767.8093188
4.189  1.047     -767.8105446
4.189  1.222     -767.8113522
4.189  1.396     -767.8119037
4.189  1.571     -767.8120774
4.189  1.745     -767.8122225
4.189  1.920     -767.8121012
4.189  2.094     -767.8116813
4.189  2.269     -767.8109848
4.189  2.443     -767.8100349
4.189  2.618     -767.8090015
4.189  2.793     -767.8077839
4.189  2.967     -767.8062678
4.189  3.142     -767.8044881
4.189  3.316     -767.8025573
4.189  3.491     -767.8011259
4.189  3.665     -767.8061834
4.189  3.840     -767.8099661
4.189  4.014     -767.8126772
4.189  4.189     -767.8141649
4.189  4.363     -767.8145972
4.189  4.538     -767.8143307
4.189  4.712     -767.8134557
4.189  4.887     -767.8122980
4.189  5.061     -767.8111800
4.189  5.236     -767.8104315
4.189  5.411     -767.8101544
4.189  5.585     -767.8097337
4.189  5.760     -767.8090124
4.189  5.934     -767.8081924
4.189  6.109     -767.8071280
4.363  0.000     -767.8025092
4.363  0.175     -767.8026131
4.363  0.349     -767.8056109
4.363  0.524     -767.8080603
4.363  0.698     -767.8099994
4.363  0.873     -767.8113680
4.363  1.047     -767.8121780
4.363  1.222     -767.8124272
4.363  1.396     -767.8122422
4.363  1.571     -767.8118018
4.363  1.745     -767.8114064
4.363  1.920     -767.8108504
4.363  2.094     -767.8100132
4.363  2.269     -767.8089989
4.363  2.443     -767.8078481
4.363  2.618     -767.8066421
4.363  2.793     -767.8053205
4.363  2.967     -767.8037761
4.363  3.142     -767.8019407
4.363  3.316     -767.8007364
4.363  3.491     -767.8047077
4.363  3.665     -767.8087100
4.363  3.840     -767.8122105
4.363  4.014     -767.8144933
4.363  4.189     -767.8154887
4.363  4.363     -767.8152285
4.363  4.538     -767.8141421
4.363  4.712     -767.8126504
4.363  4.887     -767.8109262
4.363  5.061     -767.8095141
4.363  5.236     -767.8086600
4.363  5.411     -767.8080281
4.363  5.585     -767.8072716
4.363  5.760     -767.8063806
4.363  5.934     -767.8054807
4.363  6.109     -767.8042965
4.538  0.000     -767.8018307
4.538  0.175     -767.8052685
4.538  0.349     -767.8081378
4.538  0.524     -767.8103955
4.538  0.698     -767.8120668
4.538  0.873     -767.8130657
4.538  1.047     -767.8134282
4.538  1.222     -767.8132091
4.538  1.396     -767.8124491
4.538  1.571     -767.8113887
4.538  1.745     -767.8103516
4.538  1.920     -767.8093359
4.538  2.094     -767.8081229
4.538  2.269     -767.8067233
4.538  2.443     -767.8053339
4.538  2.618     -767.8040408
4.538  2.793     -767.8026849
4.538  2.967     -767.8011417
4.538  3.142     -767.7999390
4.538  3.316     -767.8035439
4.538  3.491     -767.8074964
4.538  3.665     -767.8113473
4.538  3.840     -767.8144027
4.538  4.014     -767.8160248
4.538  4.189     -767.8163187
4.538  4.363     -767.8155714
4.538  4.538     -767.8137742
4.538  4.712     -767.8116256
4.538  4.887     -767.8095499
4.538  5.061     -767.8078431
4.538  5.236     -767.8066229
4.538  5.411     -767.8055571
4.538  5.585     -767.8045078
4.538  5.760     -767.8035202
4.538  5.934     -767.8025599
4.538  6.109     -767.8013080
4.712  0.000     -767.8043391
4.712  0.175     -767.8076230
4.712  0.349     -767.8102661
4.712  0.524     -767.8122540
4.712  0.698     -767.8136707
4.712  0.873     -767.8143125
4.712  1.047     -767.8143900
4.712  1.222     -767.8137507
4.712  1.396     -767.8124955
4.712  1.571     -767.8109203
4.712  1.745     -767.8092975
4.712  1.920     -767.8077657
4.712  2.094     -767.8061896
4.712  2.269     -767.8045473
4.712  2.443     -767.8029830
4.712  2.618     -767.8015655
4.712  2.793     -767.8001917
4.712  2.967     -767.8000717
4.712  3.142     -767.8024059
4.712  3.316     -767.8057536
4.712  3.491     -767.8093835
4.712  3.665     -767.8129009
4.712  3.840     -767.8156498
4.712  4.014     -767.8171204
4.712  4.189     -767.8171114
4.712  4.363     -767.8159093
4.712  4.538     -767.8134824
4.712  4.712     -767.8107376
4.712  4.887     -767.8082328
4.712  5.061     -767.8062002
4.712  5.236     -767.8046133
4.712  5.411     -767.8031858
4.712  5.585     -767.8018930
4.712  5.760     -767.8008254
4.712  5.934     -767.7997885
4.712  6.109     -767.8006354
4.887  0.000     -767.8064697
4.887  0.175     -767.8094976
4.887  0.349     -767.8119319
4.887  0.524     -767.8136867
4.887  0.698     -767.8148415
4.887  0.873     -767.8151686
4.887  1.047     -767.8148902
4.887  1.222     -767.8137948
4.887  1.396     -767.8121605
4.887  1.571     -767.8103163
4.887  1.745     -767.8083223
4.887  1.920     -767.8064571
4.887  2.094     -767.8045707
4.887  2.269     -767.8028068
4.887  2.443     -767.8013734
4.887  2.618     -767.8004591
4.887  2.793     -767.8007769
4.887  2.967     -767.8021257
4.887  3.142     -767.8045290
4.887  3.316     -767.8076879
4.887  3.491     -767.8111560
4.887  3.665     -767.8143541
4.887  3.840     -767.8167864
4.887  4.014     -767.8178813
4.887  4.189     -767.8174409
4.887  4.363     -767.8156489
4.887  4.538     -767.8127857
4.887  4.712     -767.8100530
4.887  4.887     -767.8072197
4.887  5.061     -767.8050202
4.887  5.236     -767.8032224
4.887  5.411     -767.8016486
4.887  5.585     -767.8002744
4.887  5.760     -767.7991547
4.887  5.934     -767.7998088
4.887  6.109     -767.8029896
5.061  0.000     -767.8083440
5.061  0.175     -767.8110652
5.061  0.349     -767.8132049
5.061  0.524     -767.8146715
5.061  0.698     -767.8154364
5.061  0.873     -767.8154614
5.061  1.047     -767.8149451
5.061  1.222     -767.8137921
5.061  1.396     -767.8120542
5.061  1.571     -767.8100141
5.061  1.745     -767.8078598
5.061  1.920     -767.8058894
5.061  2.094     -767.8041286
5.061  2.269     -767.8028326
5.061  2.443     -767.8021040
5.061  2.618     -767.8019171
5.061  2.793     -767.8025754
5.061  2.967     -767.8042029
5.061  3.142     -767.8064222
5.061  3.316     -767.8092800
5.061  3.491     -767.8123765
5.061  3.665     -767.8152662
5.061  3.840     -767.8174317
5.061  4.014     -767.8182413
5.061  4.189     -767.8174299
5.061  4.363     -767.8152870
5.061  4.538     -767.8123865
5.061  4.712     -767.8094289
5.061  4.887     -767.8067285
5.061  5.061     -767.8045885
5.061  5.236     -767.8029195
5.061  5.411     -767.8016095
5.061  5.585     -767.8007154
5.061  5.760     -767.8005006
5.061  5.934     -767.8021062
5.061  6.109     -767.8051341
5.236  0.000     -767.8100122
5.236  0.175     -767.8126279
5.236  0.349     -767.8145560
5.236  0.524     -767.8155627
5.236  0.698     -767.8158843
5.236  0.873     -767.8157348
5.236  1.047     -767.8151691
5.236  1.222     -767.8138123
5.236  1.396     -767.8119547
5.236  1.571     -767.8099729
5.236  1.745     -767.8080144
5.236  1.920     -767.8061852
5.236  2.094     -767.8048650
5.236  2.269     -767.8039402
5.236  2.443     -767.8035970
5.236  2.618     -767.8038636
5.236  2.793     -767.8046972
5.236  2.967     -767.8059296
5.236  3.142     -767.8081585
5.236  3.316     -767.8107405
5.236  3.491     -767.8134733
5.236  3.665     -767.8160842
5.236  3.840     -767.8179874
5.236  4.014     -767.8185358
5.236  4.189     -767.8175178
5.236  4.363     -767.8151656
5.236  4.538     -767.8120742
5.236  4.712     -767.8090135
5.236  4.887     -767.8065120
5.236  5.061     -767.8048650
5.236  5.236     -767.8034441
5.236  5.411     -767.8025666
5.236  5.585     -767.8021474
5.236  5.760     -767.8024296
5.236  5.934     -767.8041272
5.236  6.109     -767.8069609
5.411  0.000     -767.8118451
5.411  0.175     -767.8141750
5.411  0.349     -767.8157585
5.411  0.524     -767.8164162
5.411  0.698     -767.8164460
5.411  0.873     -767.8160316
5.411  1.047     -767.8150935
5.411  1.222     -767.8140019
5.411  1.396     -767.8124137
5.411  1.571     -767.8104182
5.411  1.745     -767.8086304
5.411  1.920     -767.8073170
5.411  2.094     -767.8062651
5.411  2.269     -767.8056959
5.411  2.443     -767.8055346
5.411  2.618     -767.8058221
5.411  2.793     -767.8065916
5.411  2.967     -767.8080202
5.411  3.142     -767.8098398
5.411  3.316     -767.8120546
5.411  3.491     -767.8145102
5.411  3.665     -767.8167672
5.411  3.840     -767.8183653
5.411  4.014     -767.8186172
5.411  4.189     -767.8174289
5.411  4.363     -767.8150068
5.411  4.538     -767.8119321
5.411  4.712     -767.8090906
5.411  4.887     -767.8070792
5.411  5.061     -767.8054001
5.411  5.236     -767.8045475
5.411  5.411     -767.8039549
5.411  5.585     -767.8038967
5.411  5.760     -767.8045229
5.411  5.934     -767.8061963
5.411  6.109     -767.8089647
5.585  0.000     -767.8138721
5.585  0.175     -767.8158262
5.585  0.349     -767.8169741
5.585  0.524     -767.8172891
5.585  0.698     -767.8169544
5.585  0.873     -767.8160904
5.585  1.047     -767.8153028
5.585  1.222     -767.8139869
5.585  1.396     -767.8122115
5.585  1.571     -767.8106609
5.585  1.745     -767.8092224
5.585  1.920     -767.8081531
5.585  2.094     -767.8076984
5.585  2.269     -767.8075040
5.585  2.443     -767.8075680
5.585  2.618     -767.8080490
5.585  2.793     -767.8088140
5.585  2.967     -767.8099916
5.585  3.142     -767.8114748
5.585  3.316     -767.8134840
5.585  3.491     -767.8155878
5.585  3.665     -767.8174371
5.585  3.840     -767.8185760
5.585  4.014     -767.8185433
5.585  4.189     -767.8170904
5.585  4.363     -767.8146132
5.585  4.538     -767.8117289
5.585  4.712     -767.8093491
5.585  4.887     -767.8076426
5.585  5.061     -767.8066897
5.585  5.236     -767.8059324
5.585  5.411     -767.8056272
5.585  5.585     -767.8057574
5.585  5.760     -767.8067041
5.585  5.934     -767.8085932
5.585  6.109     -767.8113061
5.760  0.000     -767.8157045
5.760  0.175     -767.8172286
5.760  0.349     -767.8178258
5.760  0.524     -767.8177646
5.760  0.698     -767.8172015
5.760  0.873     -767.8162828
5.760  1.047     -767.8153850
5.760  1.222     -767.8139152
5.760  1.396     -767.8125544
5.760  1.571     -767.8111045
5.760  1.745     -767.8099763
5.760  1.920     -767.8093974
5.760  2.094     -767.8091720
5.760  2.269     -767.8092919
5.760  2.443     -767.8096285
5.760  2.618     -767.8102749
5.760  2.793     -767.8109677
5.760  2.967     -767.8120286
5.760  3.142     -767.8133981
5.760  3.316     -767.8149383
5.760  3.491     -767.8165292
5.760  3.665     -767.8178576
5.760  3.840     -767.8185255
5.760  4.014     -767.8182904
5.760  4.189     -767.8168346
5.760  4.363     -767.8145167
5.760  4.538     -767.8119252
5.760  4.712     -767.8099192
5.760  4.887     -767.8085860
5.760  5.061     -767.8078321
5.760  5.236     -767.8077162
5.760  5.411     -767.8077532
5.760  5.585     -767.8082533
5.760  5.760     -767.8093599
5.760  5.934     -767.8113058
5.760  6.109     -767.8136615
5.934  0.000     -767.8173708
5.934  0.175     -767.8182447
5.934  0.349     -767.8183644
5.934  0.524     -767.8180388
5.934  0.698     -767.8171684
5.934  0.873     -767.8162193
5.934  1.047     -767.8150607
5.934  1.222     -767.8137623
5.934  1.396     -767.8126281
5.934  1.571     -767.8115944
5.934  1.745     -767.8110833
5.934  1.920     -767.8110298
5.934  2.094     -767.8111405
5.934  2.269     -767.8113919
5.934  2.443     -767.8118334
5.934  2.618     -767.8124410
5.934  2.793     -767.8131963
5.934  2.967     -767.8141242
5.934  3.142     -767.8150827
5.934  3.316     -767.8160801
5.934  3.491     -767.8170792
5.934  3.665     -767.8178177
5.934  3.840     -767.8180665
5.934  4.014     -767.8176516
5.934  4.189     -767.8163531
5.934  4.363     -767.8142631
5.934  4.538     -767.8121453
5.934  4.712     -767.8105363
5.934  4.887     -767.8096748
5.934  5.061     -767.8094354
5.934  5.236     -767.8095899
5.934  5.411     -767.8099708
5.934  5.585     -767.8110153
5.934  5.760     -767.8122764
5.934  5.934     -767.8139119
5.934  6.109     -767.8157893
6.109  0.000     -767.8186430
6.109  0.175     -767.8189286
6.109  0.349     -767.8184689
6.109  0.524     -767.8176425
6.109  0.698     -767.8164459
6.109  0.873     -767.8152901
6.109  1.047     -767.8142284
6.109  1.222     -767.8132961
6.109  1.396     -767.8125030
6.109  1.571     -767.8121642
6.109  1.745     -767.8123172
6.109  1.920     -767.8127760
6.109  2.094     -767.8132518
6.109  2.269     -767.8136630
6.109  2.443     -767.8141327
6.109  2.618     -767.8146345
6.109  2.793     -767.8151668
6.109  2.967     -767.8157135
6.109  3.142     -767.8161728
6.109  3.316     -767.8166225
6.109  3.491     -767.8169289
6.109  3.665     -767.8171344
6.109  3.840     -767.8170307
6.109  4.014     -767.8165313
6.109  4.189     -767.8155091
6.109  4.363     -767.8140418
6.109  4.538     -767.8126795
6.109  4.712     -767.8115724
6.109  4.887     -767.8113106
6.109  5.061     -767.8115494
6.109  5.236     -767.8120867
6.109  5.411     -767.8127178
6.109  5.585     -767.8135252
6.109  5.760     -767.8148400
6.109  5.934     -767.8161843
6.109  6.109     -767.8175581
