$molecule
0  1
--
0  1
C        +0.22270000        +1.04488000        +0.58595000
C        +0.62626000        -0.41353000        +0.99871000
C        -1.18200000        +1.23223000        +0.04377000
C        -0.37457000        -1.51643000        +0.72333000
O        -2.09172000        +0.78832000        +0.93966000
O        -1.47336000        +1.75939000        -0.99882000
O        -0.91364000        -1.42792000        -0.50620000
O        -0.62208000        -2.40877000        +1.49911000
C        -1.86134000        -2.44741000        -0.86560000
C        -3.47068000        +0.87492000        +0.53920000
C        +1.33008000        +1.39974000        -0.43491000
C        +2.63070000        +1.71700000        +0.32855000
C        +3.04336000        +0.29351000        +0.80300000
C        +1.94423000        -0.59299000        +0.15262000
O        +1.62840000        +0.13663000        -1.04376000
H        +0.27811000        +1.68786000        +1.46900000
H        +0.83923000        -0.48042000        +2.06408000
H        -2.68749000        -2.46677000        -0.15296000
H        -3.76076000        +1.91522000        +0.38406000
H        +3.37234000        +2.13782000        -0.35195000
H        +2.48236000        +2.42488000        +1.14651000
H        +4.02182000        +0.00994000        +0.41161000
H        +3.07359000        +0.18738000        +1.88928000
H        -2.21148000        -2.17765000        -1.85937000
H        -1.38062000        -3.42697000        -0.88096000
H        -4.03855000        +0.43623000        +1.35671000
H        -3.63120000        +0.31700000        -0.38495000
C        +0.90028000        +2.39077000        -1.49430000
C        +2.35450000        -2.01267000        -0.16812000
H        +3.26311000        -2.00678000        -0.77366000
H        +2.54990000        -2.57059000        +0.75079000
H        +1.57335000        -2.52896000        -0.72872000
H        +1.71845000        +2.58186000        -2.15686000
H        +0.59919000        +3.30478000        -1.02650000
H        +0.07925000        +1.98653000        -2.04874000
--
0  1
C        +0.25191000        +2.69962000        +5.93581000
C        +0.65547000        +1.24121000        +6.34857000
C        -1.15279000        +2.88697000        +5.39363000
C        -0.34536000        +0.13831000        +6.07319000
O        -2.06251000        +2.44306000        +6.28952000
O        -1.44415000        +3.41413000        +4.35104000
O        -0.88443000        +0.22682000        +4.84366000
O        -0.59287000        -0.75403000        +6.84897000
C        -1.83213000        -0.79267000        +4.48426000
C        -3.44147000        +2.52966000        +5.88906000
C        +1.35929000        +3.05448000        +4.91495000
C        +2.65991000        +3.37174000        +5.67841000
C        +3.07257000        +1.94825000        +6.15286000
C        +1.97344000        +1.06175000        +5.50248000
O        +1.65761000        +1.79137000        +4.30610000
H        +0.30732000        +3.34260000        +6.81886000
H        +0.86844000        +1.17432000        +7.41394000
H        -2.65828000        -0.81203000        +5.19690000
H        -3.73155000        +3.56996000        +5.73392000
H        +3.40155000        +3.79256000        +4.99791000
H        +2.51157000        +4.07962000        +6.49637000
H        +4.05103000        +1.66468000        +5.76147000
H        +3.10280000        +1.84212000        +7.23914000
H        -2.18227000        -0.52291000        +3.49049000
H        -1.35141000        -1.77223000        +4.46890000
H        -4.00934000        +2.09097000        +6.70657000
H        -3.60199000        +1.97174000        +4.96491000
C        +0.92949000        +4.04551000        +3.85556000
C        +2.38371000        -0.35793000        +5.18174000
H        +3.29232000        -0.35204000        +4.57620000
H        +2.57911000        -0.91585000        +6.10065000
H        +1.60256000        -0.87422000        +4.62114000
H        +1.74766000        +4.23660000        +3.19300000
H        +0.62840000        +4.95952000        +4.32336000
H        +0.10846000        +3.64127000        +3.30112000
$end

$rem
JOBTYPE                   SP
METHOD                    B3LYP
DFT_D                     d3_op
BASIS                     6-311++G(d,p)
SYMMETRY                  False
THRESH                    12
SCF_CONVERGENCE           8
MAX_SUB_FILE_NUM          128
MEM_STATIC                400
MEM_TOTAL                 4000
$end
