0.000  0.000     -844.2853567
0.000  0.175     -844.2850868
0.000  0.349     -844.2842417
0.000  0.524     -844.2829689
0.000  0.698     -844.2814736
0.000  0.873     -844.2798553
0.000  1.047     -844.2782022
0.000  1.222     -844.2766111
0.000  1.396     -844.2755227
0.000  1.571     -844.2747072
0.000  1.745     -844.2771846
0.000  1.920     -844.2791837
0.000  2.094     -844.2808759
0.000  2.269     -844.2821749
0.000  2.443     -844.2830952
0.000  2.618     -844.2835716
0.000  2.793     -844.2834524
0.000  2.967     -844.2830196
0.000  3.142     -844.2825875
0.000  3.316     -844.2824594
0.000  3.491     -844.2821125
0.000  3.665     -844.2819744
0.000  3.840     -844.2815903
0.000  4.014     -844.2809993
0.000  4.189     -844.2800915
0.000  4.363     -844.2787783
0.000  4.538     -844.2771392
0.000  4.712     -844.2756115
0.000  4.887     -844.2760668
0.000  5.061     -844.2772195
0.000  5.236     -844.2785179
0.000  5.411     -844.2798678
0.000  5.585     -844.2817537
0.000  5.760     -844.2832419
0.000  5.934     -844.2845587
0.000  6.109     -844.2852225
0.175  0.000     -844.2850452
0.175  0.175     -844.2849156
0.175  0.349     -844.2840741
0.175  0.524     -844.2827112
0.175  0.698     -844.2810120
0.175  0.873     -844.2791451
0.175  1.047     -844.2772329
0.175  1.222     -844.2753656
0.175  1.396     -844.2738972
0.175  1.571     -844.2765879
0.175  1.745     -844.2787158
0.175  1.920     -844.2804638
0.175  2.094     -844.2818633
0.175  2.269     -844.2828199
0.175  2.443     -844.2833135
0.175  2.618     -844.2833047
0.175  2.793     -844.2830014
0.175  2.967     -844.2826974
0.175  3.142     -844.2823713
0.175  3.316     -844.2821548
0.175  3.491     -844.2818431
0.175  3.665     -844.2814683
0.175  3.840     -844.2810202
0.175  4.014     -844.2802759
0.175  4.189     -844.2791256
0.175  4.363     -844.2775279
0.175  4.538     -844.2756504
0.175  4.712     -844.2739050
0.175  4.887     -844.2773395
0.175  5.061     -844.2783574
0.175  5.236     -844.2795518
0.175  5.411     -844.2809128
0.175  5.585     -844.2824089
0.175  5.760     -844.2835043
0.175  5.934     -844.2844832
0.175  6.109     -844.2848856
0.349  0.000     -844.2841787
0.349  0.175     -844.2839844
0.349  0.349     -844.2830858
0.349  0.524     -844.2816034
0.349  0.698     -844.2796639
0.349  0.873     -844.2775277
0.349  1.047     -844.2753337
0.349  1.222     -844.2732541
0.349  1.396     -844.2714142
0.349  1.571     -844.2783976
0.349  1.745     -844.2801603
0.349  1.920     -844.2814672
0.349  2.094     -844.2824196
0.349  2.269     -844.2828936
0.349  2.443     -844.2828931
0.349  2.618     -844.2825238
0.349  2.793     -844.2819083
0.349  2.967     -844.2813843
0.349  3.142     -844.2812679
0.349  3.316     -844.2811086
0.349  3.491     -844.2807579
0.349  3.665     -844.2802915
0.349  3.840     -844.2795945
0.349  4.014     -844.2785478
0.349  4.189     -844.2771336
0.349  4.363     -844.2752894
0.349  4.538     -844.2731951
0.349  4.712     -844.2778803
0.349  4.887     -844.2788835
0.349  5.061     -844.2796798
0.349  5.236     -844.2806451
0.349  5.411     -844.2815574
0.349  5.585     -844.2825788
0.349  5.760     -844.2831138
0.349  5.934     -844.2835331
0.349  6.109     -844.2838303
0.524  0.000     -844.2821377
0.524  0.175     -844.2819901
0.524  0.349     -844.2811007
0.524  0.524     -844.2796397
0.524  0.698     -844.2774178
0.524  0.873     -844.2747770
0.524  1.047     -844.2722977
0.524  1.222     -844.2697000
0.524  1.396     -844.2777297
0.524  1.571     -844.2796520
0.524  1.745     -844.2810753
0.524  1.920     -844.2820193
0.524  2.094     -844.2825103
0.524  2.269     -844.2824209
0.524  2.443     -844.2817628
0.524  2.618     -844.2808184
0.524  2.793     -844.2797574
0.524  2.967     -844.2794200
0.524  3.142     -844.2793050
0.524  3.316     -844.2792328
0.524  3.491     -844.2788061
0.524  3.665     -844.2780593
0.524  3.840     -844.2770263
0.524  4.014     -844.2756388
0.524  4.189     -844.2739308
0.524  4.363     -844.2718162
0.524  4.538     -844.2780884
0.524  4.712     -844.2793950
0.524  4.887     -844.2801494
0.524  5.061     -844.2806786
0.524  5.236     -844.2812520
0.524  5.411     -844.2816675
0.524  5.585     -844.2819376
0.524  5.760     -844.2820116
0.524  5.934     -844.2819441
0.524  6.109     -844.2821308
0.698  0.000     -844.2799812
0.698  0.175     -844.2794968
0.698  0.349     -844.2781126
0.698  0.524     -844.2761710
0.698  0.698     -844.2737565
0.698  0.873     -844.2709111
0.698  1.047     -844.2678004
0.698  1.222     -844.2765516
0.698  1.396     -844.2788137
0.698  1.571     -844.2804589
0.698  1.745     -844.2816580
0.698  1.920     -844.2823043
0.698  2.094     -844.2822537
0.698  2.269     -844.2815438
0.698  2.443     -844.2800920
0.698  2.618     -844.2785806
0.698  2.793     -844.2774634
0.698  2.967     -844.2770296
0.698  3.142     -844.2769871
0.698  3.316     -844.2765735
0.698  3.491     -844.2757791
0.698  3.665     -844.2746805
0.698  3.840     -844.2732930
0.698  4.014     -844.2716897
0.698  4.189     -844.2697903
0.698  4.363     -844.2772616
0.698  4.538     -844.2794637
0.698  4.712     -844.2805465
0.698  4.887     -844.2810096
0.698  5.061     -844.2812331
0.698  5.236     -844.2813392
0.698  5.411     -844.2812522
0.698  5.585     -844.2809607
0.698  5.760     -844.2801634
0.698  5.934     -844.2798043
0.698  6.109     -844.2797909
0.873  0.000     -844.2772439
0.873  0.175     -844.2763913
0.873  0.349     -844.2747186
0.873  0.524     -844.2723502
0.873  0.698     -844.2693606
0.873  0.873     -844.2659909
0.873  1.047     -844.2630661
0.873  1.222     -844.2774642
0.873  1.396     -844.2795606
0.873  1.571     -844.2810170
0.873  1.745     -844.2819636
0.873  1.920     -844.2823316
0.873  2.094     -844.2818661
0.873  2.269     -844.2804994
0.873  2.443     -844.2785643
0.873  2.618     -844.2766533
0.873  2.793     -844.2755407
0.873  2.967     -844.2746769
0.873  3.142     -844.2740681
0.873  3.316     -844.2732310
0.873  3.491     -844.2720273
0.873  3.665     -844.2705523
0.873  3.840     -844.2688890
0.873  4.014     -844.2670880
0.873  4.189     -844.2754303
0.873  4.363     -844.2785110
0.873  4.538     -844.2804177
0.873  4.712     -844.2812912
0.873  4.887     -844.2815326
0.873  5.061     -844.2814168
0.873  5.236     -844.2810940
0.873  5.411     -844.2807045
0.873  5.585     -844.2798154
0.873  5.760     -844.2786253
0.873  5.934     -844.2780447
0.873  6.109     -844.2775592
1.047  0.000     -844.2746792
1.047  0.175     -844.2730922
1.047  0.349     -844.2707433
1.047  0.524     -844.2677792
1.047  0.698     -844.2646468
1.047  0.873     -844.2613946
1.047  1.047     -844.2755589
1.047  1.222     -844.2780923
1.047  1.396     -844.2799629
1.047  1.571     -844.2811801
1.047  1.745     -844.2817904
1.047  1.920     -844.2818075
1.047  2.094     -844.2811328
1.047  2.269     -844.2796007
1.047  2.443     -844.2774693
1.047  2.618     -844.2752886
1.047  2.793     -844.2736734
1.047  2.967     -844.2723985
1.047  3.142     -844.2711411
1.047  3.316     -844.2698181
1.047  3.491     -844.2680984
1.047  3.665     -844.2662164
1.047  3.840     -844.2643771
1.047  4.014     -844.2728777
1.047  4.189     -844.2766832
1.047  4.363     -844.2794456
1.047  4.538     -844.2810233
1.047  4.712     -844.2817574
1.047  4.887     -844.2818215
1.047  5.061     -844.2814379
1.047  5.236     -844.2809858
1.047  5.411     -844.2800313
1.047  5.585     -844.2790644
1.047  5.760     -844.2776648
1.047  5.934     -844.2766029
1.047  6.109     -844.2757259
1.222  0.000     -844.2726543
1.222  0.175     -844.2702150
1.222  0.349     -844.2673494
1.222  0.524     -844.2641263
1.222  0.698     -844.2704457
1.222  0.873     -844.2736286
1.222  1.047     -844.2764317
1.222  1.222     -844.2785618
1.222  1.396     -844.2800638
1.222  1.571     -844.2810028
1.222  1.745     -844.2815705
1.222  1.920     -844.2816207
1.222  2.094     -844.2808281
1.222  2.269     -844.2792337
1.222  2.443     -844.2768320
1.222  2.618     -844.2744623
1.222  2.793     -844.2723094
1.222  2.967     -844.2704090
1.222  3.142     -844.2685760
1.222  3.316     -844.2667236
1.222  3.491     -844.2645897
1.222  3.665     -844.2624572
1.222  3.840     -844.2701650
1.222  4.014     -844.2742021
1.222  4.189     -844.2776319
1.222  4.363     -844.2800696
1.222  4.538     -844.2814048
1.222  4.712     -844.2820811
1.222  4.887     -844.2818452
1.222  5.061     -844.2814883
1.222  5.236     -844.2807732
1.222  5.411     -844.2801406
1.222  5.585     -844.2786794
1.222  5.760     -844.2772097
1.222  5.934     -844.2759485
1.222  6.109     -844.2744025
1.396  0.000     -844.2712712
1.396  0.175     -844.2683779
1.396  0.349     -844.2649746
1.396  0.524     -844.2684693
1.396  0.698     -844.2712952
1.396  0.873     -844.2741079
1.396  1.047     -844.2765870
1.396  1.222     -844.2785889
1.396  1.396     -844.2801030
1.396  1.571     -844.2811203
1.396  1.745     -844.2818026
1.396  1.920     -844.2818174
1.396  2.094     -844.2809140
1.396  2.269     -844.2791490
1.396  2.443     -844.2769279
1.396  2.618     -844.2743967
1.396  2.793     -844.2718578
1.396  2.967     -844.2693138
1.396  3.142     -844.2670588
1.396  3.316     -844.2645825
1.396  3.491     -844.2622737
1.396  3.665     -844.2681224
1.396  3.840     -844.2716514
1.396  4.014     -844.2752278
1.396  4.189     -844.2782982
1.396  4.363     -844.2804780
1.396  4.538     -844.2818529
1.396  4.712     -844.2820868
1.396  4.887     -844.2821230
1.396  5.061     -844.2816348
1.396  5.236     -844.2809843
1.396  5.411     -844.2802954
1.396  5.585     -844.2790113
1.396  5.760     -844.2774522
1.396  5.934     -844.2757840
1.396  6.109     -844.2737735
1.571  0.000     -844.2711626
1.571  0.175     -844.2678689
1.571  0.349     -844.2684803
1.571  0.524     -844.2701621
1.571  0.698     -844.2723291
1.571  0.873     -844.2746465
1.571  1.047     -844.2767647
1.571  1.222     -844.2785703
1.571  1.396     -844.2800380
1.571  1.571     -844.2810903
1.571  1.745     -844.2816685
1.571  1.920     -844.2816730
1.571  2.094     -844.2811319
1.571  2.269     -844.2797354
1.571  2.443     -844.2772952
1.571  2.618     -844.2746602
1.571  2.793     -844.2720262
1.571  2.967     -844.2690211
1.571  3.142     -844.2664806
1.571  3.316     -844.2656451
1.571  3.491     -844.2672417
1.571  3.665     -844.2697474
1.571  3.840     -844.2727477
1.571  4.014     -844.2759116
1.571  4.189     -844.2785521
1.571  4.363     -844.2806853
1.571  4.538     -844.2819207
1.571  4.712     -844.2825716
1.571  4.887     -844.2825502
1.571  5.061     -844.2820681
1.571  5.236     -844.2814212
1.571  5.411     -844.2808183
1.571  5.585     -844.2798810
1.571  5.760     -844.2784068
1.571  5.934     -844.2764740
1.571  6.109     -844.2739799
1.745  0.000     -844.2720728
1.745  0.175     -844.2686870
1.745  0.349     -844.2704995
1.745  0.524     -844.2715401
1.745  0.698     -844.2730137
1.745  0.873     -844.2747657
1.745  1.047     -844.2764924
1.745  1.222     -844.2780555
1.745  1.396     -844.2795617
1.745  1.571     -844.2807472
1.745  1.745     -844.2816014
1.745  1.920     -844.2820093
1.745  2.094     -844.2816708
1.745  2.269     -844.2803553
1.745  2.443     -844.2781428
1.745  2.618     -844.2755511
1.745  2.793     -844.2727098
1.745  2.967     -844.2697198
1.745  3.142     -844.2682114
1.745  3.316     -844.2683370
1.745  3.491     -844.2692768
1.745  3.665     -844.2711956
1.745  3.840     -844.2736526
1.745  4.014     -844.2762179
1.745  4.189     -844.2785793
1.745  4.363     -844.2807503
1.745  4.538     -844.2823202
1.745  4.712     -844.2827350
1.745  4.887     -844.2827156
1.745  5.061     -844.2826969
1.745  5.236     -844.2822415
1.745  5.411     -844.2817808
1.745  5.585     -844.2810887
1.745  5.760     -844.2797802
1.745  5.934     -844.2777864
1.745  6.109     -844.2751472
1.920  0.000     -844.2736687
1.920  0.175     -844.2706778
1.920  0.349     -844.2725464
1.920  0.524     -844.2729211
1.920  0.698     -844.2738760
1.920  0.873     -844.2751238
1.920  1.047     -844.2764948
1.920  1.222     -844.2778376
1.920  1.396     -844.2791584
1.920  1.571     -844.2804297
1.920  1.745     -844.2814636
1.920  1.920     -844.2820026
1.920  2.094     -844.2819745
1.920  2.269     -844.2811326
1.920  2.443     -844.2792754
1.920  2.618     -844.2766747
1.920  2.793     -844.2738522
1.920  2.967     -844.2720518
1.920  3.142     -844.2711507
1.920  3.316     -844.2708987
1.920  3.491     -844.2714574
1.920  3.665     -844.2726650
1.920  3.840     -844.2745034
1.920  4.014     -844.2765248
1.920  4.189     -844.2787523
1.920  4.363     -844.2810672
1.920  4.538     -844.2826451
1.920  4.712     -844.2830765
1.920  4.887     -844.2832276
1.920  5.061     -844.2831544
1.920  5.236     -844.2830808
1.920  5.411     -844.2827405
1.920  5.585     -844.2822664
1.920  5.760     -844.2813001
1.920  5.934     -844.2793624
1.920  6.109     -844.2767364
2.094  0.000     -844.2757852
2.094  0.175     -844.2754309
2.094  0.349     -844.2747101
2.094  0.524     -844.2746659
2.094  0.698     -844.2751132
2.094  0.873     -844.2759501
2.094  1.047     -844.2768515
2.094  1.222     -844.2779816
2.094  1.396     -844.2791783
2.094  1.571     -844.2802525
2.094  1.745     -844.2812625
2.094  1.920     -844.2818819
2.094  2.094     -844.2819867
2.094  2.269     -844.2814107
2.094  2.443     -844.2799478
2.094  2.618     -844.2776736
2.094  2.793     -844.2760890
2.094  2.967     -844.2749914
2.094  3.142     -844.2739970
2.094  3.316     -844.2735505
2.094  3.491     -844.2735512
2.094  3.665     -844.2742570
2.094  3.840     -844.2755250
2.094  4.014     -844.2774792
2.094  4.189     -844.2796606
2.094  4.363     -844.2818136
2.094  4.538     -844.2830158
2.094  4.712     -844.2833361
2.094  4.887     -844.2836631
2.094  5.061     -844.2832325
2.094  5.236     -844.2833638
2.094  5.411     -844.2833393
2.094  5.585     -844.2829654
2.094  5.760     -844.2824010
2.094  5.934     -844.2809011
2.094  6.109     -844.2784570
2.269  0.000     -844.2794253
2.269  0.175     -844.2783145
2.269  0.349     -844.2774516
2.269  0.524     -844.2770923
2.269  0.698     -844.2772385
2.269  0.873     -844.2777549
2.269  1.047     -844.2784148
2.269  1.222     -844.2790945
2.269  1.396     -844.2797455
2.269  1.571     -844.2803552
2.269  1.745     -844.2808831
2.269  1.920     -844.2812653
2.269  2.094     -844.2813805
2.269  2.269     -844.2810884
2.269  2.443     -844.2801634
2.269  2.618     -844.2794361
2.269  2.793     -844.2787524
2.269  2.967     -844.2776728
2.269  3.142     -844.2766305
2.269  3.316     -844.2762339
2.269  3.491     -844.2758769
2.269  3.665     -844.2764041
2.269  3.840     -844.2773186
2.269  4.014     -844.2789942
2.269  4.189     -844.2808383
2.269  4.363     -844.2824275
2.269  4.538     -844.2832700
2.269  4.712     -844.2832786
2.269  4.887     -844.2833509
2.269  5.061     -844.2829834
2.269  5.236     -844.2828177
2.269  5.411     -844.2831439
2.269  5.585     -844.2830082
2.269  5.760     -844.2827168
2.269  5.934     -844.2819427
2.269  6.109     -844.2802382
2.443  0.000     -844.2821485
2.443  0.175     -844.2812072
2.443  0.349     -844.2803742
2.443  0.524     -844.2798469
2.443  0.698     -844.2796348
2.443  0.873     -844.2796599
2.443  1.047     -844.2797447
2.443  1.222     -844.2798473
2.443  1.396     -844.2798097
2.443  1.571     -844.2798078
2.443  1.745     -844.2798809
2.443  1.920     -844.2800262
2.443  2.094     -844.2801500
2.443  2.269     -844.2800979
2.443  2.443     -844.2806091
2.443  2.618     -844.2810072
2.443  2.793     -844.2808035
2.443  2.967     -844.2800030
2.443  3.142     -844.2792156
2.443  3.316     -844.2786234
2.443  3.491     -844.2784675
2.443  3.665     -844.2787238
2.443  3.840     -844.2795103
2.443  4.014     -844.2807366
2.443  4.189     -844.2818983
2.443  4.363     -844.2827639
2.443  4.538     -844.2830851
2.443  4.712     -844.2827336
2.443  4.887     -844.2823476
2.443  5.061     -844.2821221
2.443  5.236     -844.2816335
2.443  5.411     -844.2822267
2.443  5.585     -844.2822612
2.443  5.760     -844.2823989
2.443  5.934     -844.2825027
2.443  6.109     -844.2825957
2.618  0.000     -844.2840128
2.618  0.175     -844.2833482
2.618  0.349     -844.2826434
2.618  0.524     -844.2820154
2.618  0.698     -844.2814228
2.618  0.873     -844.2809156
2.618  1.047     -844.2804169
2.618  1.222     -844.2799290
2.618  1.396     -844.2793860
2.618  1.571     -844.2788365
2.618  1.745     -844.2785395
2.618  1.920     -844.2784665
2.618  2.094     -844.2786625
2.618  2.269     -844.2796930
2.618  2.443     -844.2809757
2.618  2.618     -844.2817593
2.618  2.793     -844.2818823
2.618  2.967     -844.2815224
2.618  3.142     -844.2809863
2.618  3.316     -844.2804262
2.618  3.491     -844.2804506
2.618  3.665     -844.2804911
2.618  3.840     -844.2812597
2.618  4.014     -844.2819040
2.618  4.189     -844.2824398
2.618  4.363     -844.2826565
2.618  4.538     -844.2824355
2.618  4.712     -844.2816925
2.618  4.887     -844.2808328
2.618  5.061     -844.2805766
2.618  5.236     -844.2802130
2.618  5.411     -844.2809415
2.618  5.585     -844.2812620
2.618  5.760     -844.2823080
2.618  5.934     -844.2834580
2.618  6.109     -844.2840454
2.793  0.000     -844.2848892
2.793  0.175     -844.2846157
2.793  0.349     -844.2840563
2.793  0.524     -844.2832792
2.793  0.698     -844.2823536
2.793  0.873     -844.2813642
2.793  1.047     -844.2803608
2.793  1.222     -844.2793384
2.793  1.396     -844.2783460
2.793  1.571     -844.2774577
2.793  1.745     -844.2768470
2.793  1.920     -844.2766290
2.793  2.094     -844.2779244
2.793  2.269     -844.2796031
2.793  2.443     -844.2809912
2.793  2.618     -844.2818333
2.793  2.793     -844.2820596
2.793  2.967     -844.2820743
2.793  3.142     -844.2817000
2.793  3.316     -844.2815651
2.793  3.491     -844.2815646
2.793  3.665     -844.2815073
2.793  3.840     -844.2821102
2.793  4.014     -844.2823828
2.793  4.189     -844.2822840
2.793  4.363     -844.2820104
2.793  4.538     -844.2813235
2.793  4.712     -844.2801887
2.793  4.887     -844.2790749
2.793  5.061     -844.2786912
2.793  5.236     -844.2787151
2.793  5.411     -844.2796311
2.793  5.585     -844.2805893
2.793  5.760     -844.2822396
2.793  5.934     -844.2837148
2.793  6.109     -844.2845515
2.967  0.000     -844.2850431
2.967  0.175     -844.2850776
2.967  0.349     -844.2845430
2.967  0.524     -844.2836113
2.967  0.698     -844.2824209
2.967  0.873     -844.2810859
2.967  1.047     -844.2797400
2.967  1.222     -844.2782946
2.967  1.396     -844.2768768
2.967  1.571     -844.2756971
2.967  1.745     -844.2748416
2.967  1.920     -844.2760808
2.967  2.094     -844.2779131
2.967  2.269     -844.2794789
2.967  2.443     -844.2807151
2.967  2.618     -844.2814079
2.967  2.793     -844.2816306
2.967  2.967     -844.2818093
2.967  3.142     -844.2817185
2.967  3.316     -844.2818702
2.967  3.491     -844.2817703
2.967  3.665     -844.2817345
2.967  3.840     -844.2820862
2.967  4.014     -844.2820722
2.967  4.189     -844.2816325
2.967  4.363     -844.2809748
2.967  4.538     -844.2798315
2.967  4.712     -844.2783389
2.967  4.887     -844.2772344
2.967  5.061     -844.2768196
2.967  5.236     -844.2774220
2.967  5.411     -844.2789908
2.967  5.585     -844.2805140
2.967  5.760     -844.2819825
2.967  5.934     -844.2834961
2.967  6.109     -844.2844052
3.142  0.000     -844.2846421
3.142  0.175     -844.2847947
3.142  0.349     -844.2842743
3.142  0.524     -844.2832476
3.142  0.698     -844.2819573
3.142  0.873     -844.2803841
3.142  1.047     -844.2786456
3.142  1.222     -844.2768006
3.142  1.396     -844.2749838
3.142  1.571     -844.2735369
3.142  1.745     -844.2746447
3.142  1.920     -844.2766218
3.142  2.094     -844.2782404
3.142  2.269     -844.2794923
3.142  2.443     -844.2803445
3.142  2.618     -844.2805891
3.142  2.793     -844.2807211
3.142  2.967     -844.2809938
3.142  3.142     -844.2812520
3.142  3.316     -844.2814540
3.142  3.491     -844.2812525
3.142  3.665     -844.2814012
3.142  3.840     -844.2814519
3.142  4.014     -844.2811148
3.142  4.189     -844.2804438
3.142  4.363     -844.2794967
3.142  4.538     -844.2779549
3.142  4.712     -844.2761901
3.142  4.887     -844.2751516
3.142  5.061     -844.2749254
3.142  5.236     -844.2773075
3.142  5.411     -844.2789200
3.142  5.585     -844.2802222
3.142  5.760     -844.2815204
3.142  5.934     -844.2827971
3.142  6.109     -844.2837557
3.316  0.000     -844.2837034
3.316  0.175     -844.2838431
3.316  0.349     -844.2833899
3.316  0.524     -844.2824013
3.316  0.698     -844.2810077
3.316  0.873     -844.2791442
3.316  1.047     -844.2769510
3.316  1.222     -844.2747172
3.316  1.396     -844.2726224
3.316  1.571     -844.2710670
3.316  1.745     -844.2758344
3.316  1.920     -844.2775557
3.316  2.094     -844.2788468
3.316  2.269     -844.2796485
3.316  2.443     -844.2799609
3.316  2.618     -844.2796723
3.316  2.793     -844.2795401
3.316  2.967     -844.2798540
3.316  3.142     -844.2802969
3.316  3.316     -844.2805142
3.316  3.491     -844.2804137
3.316  3.665     -844.2804772
3.316  3.840     -844.2802502
3.316  4.014     -844.2796974
3.316  4.189     -844.2788057
3.316  4.363     -844.2775543
3.316  4.538     -844.2756694
3.316  4.712     -844.2737540
3.316  4.887     -844.2758016
3.316  5.061     -844.2768702
3.316  5.236     -844.2776809
3.316  5.411     -844.2789566
3.316  5.585     -844.2799806
3.316  5.760     -844.2809227
3.316  5.934     -844.2818532
3.316  6.109     -844.2828663
3.491  0.000     -844.2823188
3.491  0.175     -844.2825286
3.491  0.349     -844.2821846
3.491  0.524     -844.2810465
3.491  0.698     -844.2793326
3.491  0.873     -844.2771618
3.491  1.047     -844.2746351
3.491  1.222     -844.2721551
3.491  1.396     -844.2698864
3.491  1.571     -844.2754902
3.491  1.745     -844.2772960
3.491  1.920     -844.2786497
3.491  2.094     -844.2795648
3.491  2.269     -844.2799059
3.491  2.443     -844.2795464
3.491  2.618     -844.2786465
3.491  2.793     -844.2782267
3.491  2.967     -844.2784465
3.491  3.142     -844.2789609
3.491  3.316     -844.2791839
3.491  3.491     -844.2791483
3.491  3.665     -844.2789377
3.491  3.840     -844.2784508
3.491  4.014     -844.2777392
3.491  4.189     -844.2765689
3.491  4.363     -844.2750512
3.491  4.538     -844.2729756
3.491  4.712     -844.2757585
3.491  4.887     -844.2768102
3.491  5.061     -844.2775581
3.491  5.236     -844.2783291
3.491  5.411     -844.2791447
3.491  5.585     -844.2796999
3.491  5.760     -844.2801712
3.491  5.934     -844.2807482
3.491  6.109     -844.2816161
3.665  0.000     -844.2808084
3.665  0.175     -844.2808883
3.665  0.349     -844.2802458
3.665  0.524     -844.2787868
3.665  0.698     -844.2767479
3.665  0.873     -844.2743524
3.665  1.047     -844.2716453
3.665  1.222     -844.2690058
3.665  1.396     -844.2754542
3.665  1.571     -844.2774931
3.665  1.745     -844.2788921
3.665  1.920     -844.2798192
3.665  2.094     -844.2802379
3.665  2.269     -844.2800136
3.665  2.443     -844.2790909
3.665  2.618     -844.2776195
3.665  2.793     -844.2769151
3.665  2.967     -844.2769341
3.665  3.142     -844.2773468
3.665  3.316     -844.2773633
3.665  3.491     -844.2773157
3.665  3.665     -844.2768013
3.665  3.840     -844.2759037
3.665  4.014     -844.2750339
3.665  4.189     -844.2737001
3.665  4.363     -844.2719902
3.665  4.538     -844.2760632
3.665  4.712     -844.2773796
3.665  4.887     -844.2780698
3.665  5.061     -844.2785535
3.665  5.236     -844.2790196
3.665  5.411     -844.2793981
3.665  5.585     -844.2793866
3.665  5.760     -844.2792628
3.665  5.934     -844.2795603
3.665  6.109     -844.2801781
3.840  0.000     -844.2790755
3.840  0.175     -844.2787110
3.840  0.349     -844.2776330
3.840  0.524     -844.2757802
3.840  0.698     -844.2734026
3.840  0.873     -844.2707416
3.840  1.047     -844.2678892
3.840  1.222     -844.2754358
3.840  1.396     -844.2778180
3.840  1.571     -844.2794223
3.840  1.745     -844.2803907
3.840  1.920     -844.2809625
3.840  2.094     -844.2809397
3.840  2.269     -844.2801279
3.840  2.443     -844.2785912
3.840  2.618     -844.2767776
3.840  2.793     -844.2755643
3.840  2.967     -844.2753552
3.840  3.142     -844.2754273
3.840  3.316     -844.2751024
3.840  3.491     -844.2747935
3.840  3.665     -844.2739721
3.840  3.840     -844.2727473
3.840  4.014     -844.2717169
3.840  4.189     -844.2702443
3.840  4.363     -844.2760629
3.840  4.538     -844.2780383
3.840  4.712     -844.2791089
3.840  4.887     -844.2795383
3.840  5.061     -844.2797455
3.840  5.236     -844.2797889
3.840  5.411     -844.2796372
3.840  5.585     -844.2790089
3.840  5.760     -844.2783533
3.840  5.934     -844.2783370
3.840  6.109     -844.2787211
4.014  0.000     -844.2770887
4.014  0.175     -844.2761704
4.014  0.349     -844.2745463
4.014  0.524     -844.2722457
4.014  0.698     -844.2694867
4.014  0.873     -844.2665918
4.014  1.047     -844.2749260
4.014  1.222     -844.2778374
4.014  1.396     -844.2799417
4.014  1.571     -844.2811896
4.014  1.745     -844.2818320
4.014  1.920     -844.2820931
4.014  2.094     -844.2815981
4.014  2.269     -844.2802574
4.014  2.443     -844.2781664
4.014  2.618     -844.2759651
4.014  2.793     -844.2745213
4.014  2.967     -844.2738834
4.014  3.142     -844.2733380
4.014  3.316     -844.2725433
4.014  3.491     -844.2717818
4.014  3.665     -844.2706998
4.014  3.840     -844.2692052
4.014  4.014     -844.2679538
4.014  4.189     -844.2751979
4.014  4.363     -844.2783177
4.014  4.538     -844.2800313
4.014  4.712     -844.2808475
4.014  4.887     -844.2810109
4.014  5.061     -844.2809159
4.014  5.236     -844.2805800
4.014  5.411     -844.2799043
4.014  5.585     -844.2787321
4.014  5.760     -844.2776121
4.014  5.934     -844.2771982
4.014  6.109     -844.2772752
4.189  0.000     -844.2749361
4.189  0.175     -844.2733607
4.189  0.349     -844.2711725
4.189  0.524     -844.2684282
4.189  0.698     -844.2653576
4.189  0.873     -844.2738147
4.189  1.047     -844.2771829
4.189  1.222     -844.2798061
4.189  1.396     -844.2815909
4.189  1.571     -844.2825921
4.189  1.745     -844.2831535
4.189  1.920     -844.2831706
4.189  2.094     -844.2823043
4.189  2.269     -844.2805283
4.189  2.443     -844.2779970
4.189  2.618     -844.2754788
4.189  2.793     -844.2736199
4.189  2.967     -844.2724641
4.189  3.142     -844.2711319
4.189  3.316     -844.2698343
4.189  3.491     -844.2687221
4.189  3.665     -844.2673376
4.189  3.840     -844.2655911
4.189  4.014     -844.2741042
4.189  4.189     -844.2779065
4.189  4.363     -844.2804664
4.189  4.538     -844.2818908
4.189  4.712     -844.2824522
4.189  4.887     -844.2824114
4.189  5.061     -844.2820464
4.189  5.236     -844.2813891
4.189  5.411     -844.2802799
4.189  5.585     -844.2786469
4.189  5.760     -844.2772584
4.189  5.934     -844.2764338
4.189  6.109     -844.2758495
4.363  0.000     -844.2731813
4.363  0.175     -844.2708633
4.363  0.349     -844.2680706
4.363  0.524     -844.2649790
4.363  0.698     -844.2726863
4.363  0.873     -844.2760283
4.363  1.047     -844.2790072
4.363  1.222     -844.2812752
4.363  1.396     -844.2827901
4.363  1.571     -844.2837264
4.363  1.745     -844.2842487
4.363  1.920     -844.2840715
4.363  2.094     -844.2829987
4.363  2.269     -844.2810221
4.363  2.443     -844.2782482
4.363  2.618     -844.2754393
4.363  2.793     -844.2732298
4.363  2.967     -844.2713943
4.363  3.142     -844.2695314
4.363  3.316     -844.2678115
4.363  3.491     -844.2658285
4.363  3.665     -844.2643925
4.363  3.840     -844.2726155
4.363  4.014     -844.2764131
4.363  4.189     -844.2798358
4.363  4.363     -844.2820330
4.363  4.538     -844.2834218
4.363  4.712     -844.2838502
4.363  4.887     -844.2836560
4.363  5.061     -844.2830832
4.363  5.236     -844.2822062
4.363  5.411     -844.2808662
4.363  5.585     -844.2790873
4.363  5.760     -844.2774269
4.363  5.934     -844.2761695
4.363  6.109     -844.2748529
4.538  0.000     -844.2721081
4.538  0.175     -844.2692774
4.538  0.349     -844.2659591
4.538  0.524     -844.2717243
4.538  0.698     -844.2747119
4.538  0.873     -844.2775529
4.538  1.047     -844.2800454
4.538  1.222     -844.2819447
4.538  1.396     -844.2833441
4.538  1.571     -844.2844136
4.538  1.745     -844.2849292
4.538  1.920     -844.2847046
4.538  2.094     -844.2836343
4.538  2.269     -844.2817558
4.538  2.443     -844.2789880
4.538  2.618     -844.2760629
4.538  2.793     -844.2734521
4.538  2.967     -844.2681631
4.538  3.142     -844.2667798
4.538  3.316     -844.2668564
4.538  3.491     -844.2685100
4.538  3.665     -844.2712389
4.538  3.840     -844.2747883
4.538  4.014     -844.2781338
4.538  4.189     -844.2810733
4.538  4.363     -844.2831629
4.538  4.538     -844.2845210
4.538  4.712     -844.2848622
4.538  4.887     -844.2846392
4.538  5.061     -844.2840302
4.538  5.236     -844.2831397
4.538  5.411     -844.2819258
4.538  5.585     -844.2801837
4.538  5.760     -844.2783562
4.538  5.934     -844.2764961
4.538  6.109     -844.2744380
4.712  0.000     -844.2718471
4.712  0.175     -844.2709354
4.712  0.349     -844.2719477
4.712  0.524     -844.2737449
4.712  0.698     -844.2760599
4.712  0.873     -844.2783453
4.712  1.047     -844.2803489
4.712  1.222     -844.2819362
4.712  1.396     -844.2834234
4.712  1.571     -844.2845092
4.712  1.745     -844.2851128
4.712  1.920     -844.2850382
4.712  2.094     -844.2842897
4.712  2.269     -844.2826525
4.712  2.443     -844.2800440
4.712  2.618     -844.2770800
4.712  2.793     -844.2733339
4.712  2.967     -844.2714110
4.712  3.142     -844.2702844
4.712  3.316     -844.2701166
4.712  3.491     -844.2713273
4.712  3.665     -844.2733379
4.712  3.840     -844.2761242
4.712  4.014     -844.2790236
4.712  4.189     -844.2813284
4.712  4.363     -844.2836360
4.712  4.538     -844.2847802
4.712  4.712     -844.2852985
4.712  4.887     -844.2852292
4.712  5.061     -844.2847983
4.712  5.236     -844.2840678
4.712  5.411     -844.2831278
4.712  5.585     -844.2815998
4.712  5.760     -844.2797235
4.712  5.934     -844.2774270
4.712  6.109     -844.2747958
4.887  0.000     -844.2740763
4.887  0.175     -844.2735937
4.887  0.349     -844.2740468
4.887  0.524     -844.2751308
4.887  0.698     -844.2767021
4.887  0.873     -844.2783823
4.887  1.047     -844.2799032
4.887  1.222     -844.2814291
4.887  1.396     -844.2828058
4.887  1.571     -844.2838411
4.887  1.745     -844.2845064
4.887  1.920     -844.2847383
4.887  2.094     -844.2844118
4.887  2.269     -844.2831752
4.887  2.443     -844.2809530
4.887  2.618     -844.2782152
4.887  2.793     -844.2763165
4.887  2.967     -844.2746199
4.887  3.142     -844.2733566
4.887  3.316     -844.2729140
4.887  3.491     -844.2734421
4.887  3.665     -844.2748486
4.887  3.840     -844.2767261
4.887  4.014     -844.2791315
4.887  4.189     -844.2813459
4.887  4.363     -844.2835395
4.887  4.538     -844.2846580
4.887  4.712     -844.2852597
4.887  4.887     -844.2852415
4.887  5.061     -844.2849537
4.887  5.236     -844.2844978
4.887  5.411     -844.2839155
4.887  5.585     -844.2827629
4.887  5.760     -844.2810473
4.887  5.934     -844.2786402
4.887  6.109     -844.2757165
5.061  0.000     -844.2769130
5.061  0.175     -844.2759918
5.061  0.349     -844.2756795
5.061  0.524     -844.2760552
5.061  0.698     -844.2768201
5.061  0.873     -844.2779853
5.061  1.047     -844.2792864
5.061  1.222     -844.2805990
5.061  1.396     -844.2818030
5.061  1.571     -844.2828552
5.061  1.745     -844.2836799
5.061  1.920     -844.2840523
5.061  2.094     -844.2839302
5.061  2.269     -844.2830747
5.061  2.443     -844.2817634
5.061  2.618     -844.2806220
5.061  2.793     -844.2791018
5.061  2.967     -844.2774759
5.061  3.142     -844.2760697
5.061  3.316     -844.2751697
5.061  3.491     -844.2752847
5.061  3.665     -844.2759518
5.061  3.840     -844.2772585
5.061  4.014     -844.2791437
5.061  4.189     -844.2811678
5.061  4.363     -844.2830675
5.061  4.538     -844.2844543
5.061  4.712     -844.2848687
5.061  4.887     -844.2847316
5.061  5.061     -844.2844221
5.061  5.236     -844.2841183
5.061  5.411     -844.2837364
5.061  5.585     -844.2829518
5.061  5.760     -844.2816793
5.061  5.934     -844.2796478
5.061  6.109     -844.2781045
5.236  0.000     -844.2794575
5.236  0.175     -844.2781570
5.236  0.349     -844.2772025
5.236  0.524     -844.2768890
5.236  0.698     -844.2771942
5.236  0.873     -844.2779540
5.236  1.047     -844.2789454
5.236  1.222     -844.2800079
5.236  1.396     -844.2809058
5.236  1.571     -844.2817123
5.236  1.745     -844.2823413
5.236  1.920     -844.2827062
5.236  2.094     -844.2827562
5.236  2.269     -844.2825154
5.236  2.443     -844.2825787
5.236  2.618     -844.2823105
5.236  2.793     -844.2812760
5.236  2.967     -844.2796914
5.236  3.142     -844.2782298
5.236  3.316     -844.2771219
5.236  3.491     -844.2767370
5.236  3.665     -844.2770490
5.236  3.840     -844.2779918
5.236  4.014     -844.2796037
5.236  4.189     -844.2813001
5.236  4.363     -844.2829858
5.236  4.538     -844.2837904
5.236  4.712     -844.2838261
5.236  4.887     -844.2834669
5.236  5.061     -844.2831031
5.236  5.236     -844.2828972
5.236  5.411     -844.2826344
5.236  5.585     -844.2821374
5.236  5.760     -844.2814416
5.236  5.934     -844.2811521
5.236  6.109     -844.2806657
5.411  0.000     -844.2814708
5.411  0.175     -844.2799929
5.411  0.349     -844.2787387
5.411  0.524     -844.2781460
5.411  0.698     -844.2781471
5.411  0.873     -844.2785467
5.411  1.047     -844.2791305
5.411  1.222     -844.2796602
5.411  1.396     -844.2801361
5.411  1.571     -844.2804925
5.411  1.745     -844.2808377
5.411  1.920     -844.2812176
5.411  2.094     -844.2814195
5.411  2.269     -844.2819954
5.411  2.443     -844.2827401
5.411  2.618     -844.2829353
5.411  2.793     -844.2823788
5.411  2.967     -844.2812093
5.411  3.142     -844.2798646
5.411  3.316     -844.2787725
5.411  3.491     -844.2781857
5.411  3.665     -844.2783061
5.411  3.840     -844.2789395
5.411  4.014     -844.2801518
5.411  4.189     -844.2815541
5.411  4.363     -844.2826908
5.411  4.538     -844.2826719
5.411  4.712     -844.2824855
5.411  4.887     -844.2817381
5.411  5.061     -844.2812880
5.411  5.236     -844.2811227
5.411  5.411     -844.2809596
5.411  5.585     -844.2808381
5.411  5.760     -844.2816013
5.411  5.934     -844.2824593
5.411  6.109     -844.2824811
5.585  0.000     -844.2830622
5.585  0.175     -844.2818070
5.585  0.349     -844.2806125
5.585  0.524     -844.2799214
5.585  0.698     -844.2796202
5.585  0.873     -844.2795047
5.585  1.047     -844.2794521
5.585  1.222     -844.2794027
5.585  1.396     -844.2793372
5.585  1.571     -844.2793137
5.585  1.745     -844.2794449
5.585  1.920     -844.2794916
5.585  2.094     -844.2806412
5.585  2.269     -844.2818604
5.585  2.443     -844.2828605
5.585  2.618     -844.2832763
5.585  2.793     -844.2828479
5.585  2.967     -844.2819532
5.585  3.142     -844.2808605
5.585  3.316     -844.2800639
5.585  3.491     -844.2797367
5.585  3.665     -844.2797768
5.585  3.840     -844.2801461
5.585  4.014     -844.2809749
5.585  4.189     -844.2815911
5.585  4.363     -844.2819039
5.585  4.538     -844.2816511
5.585  4.712     -844.2808795
5.585  4.887     -844.2801840
5.585  5.061     -844.2795503
5.585  5.236     -844.2793906
5.585  5.411     -844.2794933
5.585  5.585     -844.2803990
5.585  5.760     -844.2819696
5.585  5.934     -844.2832683
5.585  6.109     -844.2836765
5.760  0.000     -844.2840586
5.760  0.175     -844.2831339
5.760  0.349     -844.2820995
5.760  0.524     -844.2813086
5.760  0.698     -844.2806305
5.760  0.873     -844.2799840
5.760  1.047     -844.2793591
5.760  1.222     -844.2787986
5.760  1.396     -844.2783169
5.760  1.571     -844.2780673
5.760  1.745     -844.2778936
5.760  1.920     -844.2783493
5.760  2.094     -844.2799142
5.760  2.269     -844.2814178
5.760  2.443     -844.2827120
5.760  2.618     -844.2833925
5.760  2.793     -844.2832174
5.760  2.967     -844.2824320
5.760  3.142     -844.2814711
5.760  3.316     -844.2808977
5.760  3.491     -844.2806771
5.760  3.665     -844.2807235
5.760  3.840     -844.2810080
5.760  4.014     -844.2812032
5.760  4.189     -844.2814415
5.760  4.363     -844.2811817
5.760  4.538     -844.2803168
5.760  4.712     -844.2792985
5.760  4.887     -844.2784824
5.760  5.061     -844.2779892
5.760  5.236     -844.2780526
5.760  5.411     -844.2789059
5.760  5.585     -844.2804639
5.760  5.760     -844.2822623
5.760  5.934     -844.2837109
5.760  6.109     -844.2843105
5.934  0.000     -844.2847310
5.934  0.175     -844.2840714
5.934  0.349     -844.2831487
5.934  0.524     -844.2821984
5.934  0.698     -844.2811827
5.934  0.873     -844.2801285
5.934  1.047     -844.2790667
5.934  1.222     -844.2780912
5.934  1.396     -844.2773585
5.934  1.571     -844.2766723
5.934  1.745     -844.2764288
5.934  1.920     -844.2782214
5.934  2.094     -844.2800248
5.934  2.269     -844.2814819
5.934  2.443     -844.2824676
5.934  2.618     -844.2831122
5.934  2.793     -844.2832342
5.934  2.967     -844.2827301
5.934  3.142     -844.2820399
5.934  3.316     -844.2814684
5.934  3.491     -844.2813652
5.934  3.665     -844.2812880
5.934  3.840     -844.2812767
5.934  4.014     -844.2813097
5.934  4.189     -844.2810536
5.934  4.363     -844.2803432
5.934  4.538     -844.2791737
5.934  4.712     -844.2779833
5.934  4.887     -844.2771436
5.934  5.061     -844.2770904
5.934  5.236     -844.2776685
5.934  5.411     -844.2789899
5.934  5.585     -844.2806239
5.934  5.760     -844.2824564
5.934  5.934     -844.2839734
5.934  6.109     -844.2847318
6.109  0.000     -844.2851979
6.109  0.175     -844.2847433
6.109  0.349     -844.2838574
6.109  0.524     -844.2827515
6.109  0.698     -844.2814449
6.109  0.873     -844.2800711
6.109  1.047     -844.2786959
6.109  1.222     -844.2774510
6.109  1.396     -844.2764935
6.109  1.571     -844.2756988
6.109  1.745     -844.2763543
6.109  1.920     -844.2781961
6.109  2.094     -844.2800718
6.109  2.269     -844.2817620
6.109  2.443     -844.2829874
6.109  2.618     -844.2834997
6.109  2.793     -844.2832676
6.109  2.967     -844.2828757
6.109  3.142     -844.2823383
6.109  3.316     -844.2821596
6.109  3.491     -844.2818757
6.109  3.665     -844.2816602
6.109  3.840     -844.2815942
6.109  4.014     -844.2812654
6.109  4.189     -844.2806301
6.109  4.363     -844.2795968
6.109  4.538     -844.2781658
6.109  4.712     -844.2768127
6.109  4.887     -844.2759754
6.109  5.061     -844.2765955
6.109  5.236     -844.2779045
6.109  5.411     -844.2793463
6.109  5.585     -844.2809424
6.109  5.760     -844.2827954
6.109  5.934     -844.2842809
6.109  6.109     -844.2850547
