0.000  0.000     -844.2853008
0.000  0.349     -844.2846692
0.000  0.698     -844.2828991
0.000  1.047     -844.2794623
0.000  1.396     -844.2715311
0.000  1.745     -844.2707888
0.000  2.094     -844.2737841
0.000  2.443     -844.2784014
0.000  2.793     -844.2820308
0.000  3.142     -844.2845840
0.000  3.491     -844.2850092
0.000  3.840     -844.2824092
0.000  4.189     -844.2756241
0.000  4.538     -844.2711139
0.000  4.887     -844.2701214
0.000  5.236     -844.2735242
0.000  5.585     -844.2790408
0.000  5.934     -844.2837019
0.175  0.000     -844.2852609
0.175  0.349     -844.2848792
0.175  0.698     -844.2837455
0.175  1.047     -844.2808366
0.175  1.396     -844.2747605
0.175  1.745     -844.2735169
0.175  2.094     -844.2751668
0.175  2.443     -844.2784969
0.175  2.793     -844.2815556
0.175  3.142     -844.2839373
0.175  3.491     -844.2847996
0.175  3.840     -844.2829882
0.175  4.189     -844.2779060
0.175  4.538     -844.2743650
0.175  4.887     -844.2727908
0.175  5.236     -844.2749187
0.175  5.585     -844.2792768
0.175  5.934     -844.2837050
0.349  0.000     -844.2848389
0.349  0.349     -844.2843995
0.349  0.698     -844.2836531
0.349  1.047     -844.2815659
0.349  1.396     -844.2778524
0.349  1.745     -844.2758459
0.349  2.094     -844.2760083
0.349  2.443     -844.2780939
0.349  2.793     -844.2807387
0.349  3.142     -844.2830116
0.349  3.491     -844.2841589
0.349  3.840     -844.2830292
0.349  4.189     -844.2803757
0.349  4.538     -844.2772378
0.349  4.887     -844.2750710
0.349  5.236     -844.2759682
0.349  5.585     -844.2792447
0.349  5.934     -844.2832727
0.524  0.000     -844.2839194
0.524  0.349     -844.2832120
0.524  0.698     -844.2826272
0.524  1.047     -844.2809292
0.524  1.396     -844.2804897
0.524  1.745     -844.2779152
0.524  2.094     -844.2767844
0.524  2.443     -844.2781020
0.524  2.793     -844.2801906
0.524  3.142     -844.2819121
0.524  3.491     -844.2828865
0.524  3.840     -844.2825723
0.524  4.189     -844.2821322
0.524  4.538     -844.2795087
0.524  4.887     -844.2770720
0.524  5.236     -844.2769327
0.524  5.585     -844.2795151
0.524  5.934     -844.2829392
0.698  0.000     -844.2825714
0.698  0.349     -844.2814394
0.698  0.698     -844.2810275
0.698  1.047     -844.2816632
0.698  1.396     -844.2823794
0.698  1.745     -844.2797670
0.698  2.094     -844.2781686
0.698  2.443     -844.2786824
0.698  2.793     -844.2798990
0.698  3.142     -844.2807412
0.698  3.491     -844.2813595
0.698  3.840     -844.2821104
0.698  4.189     -844.2829382
0.698  4.538     -844.2810094
0.698  4.887     -844.2785977
0.698  5.236     -844.2781882
0.698  5.585     -844.2801838
0.698  5.934     -844.2826181
0.873  0.000     -844.2809195
0.873  0.349     -844.2795984
0.873  0.698     -844.2796126
0.873  1.047     -844.2821047
0.873  1.396     -844.2836681
0.873  1.745     -844.2817027
0.873  2.094     -844.2799152
0.873  2.443     -844.2794072
0.873  2.793     -844.2793792
0.873  3.142     -844.2794495
0.873  3.491     -844.2796844
0.873  3.840     -844.2819754
0.873  4.189     -844.2833851
0.873  4.538     -844.2818745
0.873  4.887     -844.2799331
0.873  5.236     -844.2797683
0.873  5.585     -844.2809335
0.873  5.934     -844.2820504
1.047  0.000     -844.2794633
1.047  0.349     -844.2782682
1.047  0.698     -844.2790635
1.047  1.047     -844.2823746
1.047  1.396     -844.2842966
1.047  1.745     -844.2831576
1.047  2.094     -844.2811788
1.047  2.443     -844.2798416
1.047  2.793     -844.2787579
1.047  3.142     -844.2778795
1.047  3.491     -844.2784931
1.047  3.840     -844.2813788
1.047  4.189     -844.2832519
1.047  4.538     -844.2823869
1.047  4.887     -844.2808190
1.047  5.236     -844.2806107
1.047  5.585     -844.2814080
1.047  5.934     -844.2812539
1.222  0.000     -844.2780651
1.222  0.349     -844.2770428
1.222  0.698     -844.2790787
1.222  1.047     -844.2824933
1.222  1.396     -844.2847366
1.222  1.745     -844.2841075
1.222  2.094     -844.2820086
1.222  2.443     -844.2799661
1.222  2.793     -844.2781288
1.222  3.142     -844.2769334
1.222  3.491     -844.2784418
1.222  3.840     -844.2816500
1.222  4.189     -844.2832377
1.222  4.538     -844.2826800
1.222  4.887     -844.2814667
1.222  5.236     -844.2813094
1.222  5.585     -844.2814475
1.222  5.934     -844.2803463
1.396  0.000     -844.2768477
1.396  0.349     -844.2767112
1.396  0.698     -844.2794807
1.396  1.047     -844.2828359
1.396  1.396     -844.2851263
1.396  1.745     -844.2847820
1.396  2.094     -844.2825436
1.396  2.443     -844.2798779
1.396  2.793     -844.2776029
1.396  3.142     -844.2744194
1.396  3.491     -844.2782941
1.396  3.840     -844.2818399
1.396  4.189     -844.2835971
1.396  4.538     -844.2827790
1.396  4.887     -844.2820948
1.396  5.236     -844.2817558
1.396  5.585     -844.2812186
1.396  5.934     -844.2795776
1.571  0.000     -844.2747401
1.571  0.349     -844.2772504
1.571  0.698     -844.2803120
1.571  1.047     -844.2833254
1.571  1.396     -844.2853026
1.571  1.745     -844.2851580
1.571  2.094     -844.2828236
1.571  2.443     -844.2796801
1.571  2.793     -844.2767699
1.571  3.142     -844.2750224
1.571  3.491     -844.2792372
1.571  3.840     -844.2822293
1.571  4.189     -844.2834999
1.571  4.538     -844.2830037
1.571  4.887     -844.2823886
1.571  5.236     -844.2818102
1.571  5.585     -844.2809602
1.571  5.934     -844.2787098
1.745  0.000     -844.2760936
1.745  0.349     -844.2783584
1.745  0.698     -844.2810174
1.745  1.047     -844.2835949
1.745  1.396     -844.2850051
1.745  1.745     -844.2849873
1.745  2.094     -844.2826264
1.745  2.443     -844.2790750
1.745  2.793     -844.2713716
1.745  3.142     -844.2767603
1.745  3.491     -844.2805040
1.745  3.840     -844.2828517
1.745  4.189     -844.2832801
1.745  4.538     -844.2827149
1.745  4.887     -844.2820565
1.745  5.236     -844.2814477
1.745  5.585     -844.2802263
1.745  5.934     -844.2715173
1.920  0.000     -844.2778204
1.920  0.349     -844.2796828
1.920  0.698     -844.2815957
1.920  1.047     -844.2833100
1.920  1.396     -844.2839936
1.920  1.745     -844.2839094
1.920  2.094     -844.2816471
1.920  2.443     -844.2775458
1.920  2.793     -844.2735404
1.920  3.142     -844.2784196
1.920  3.491     -844.2814683
1.920  3.840     -844.2829239
1.920  4.189     -844.2825304
1.920  4.538     -844.2815748
1.920  4.887     -844.2810297
1.920  5.236     -844.2802687
1.920  5.585     -844.2786017
1.920  5.934     -844.2736664
2.094  0.000     -844.2793696
2.094  0.349     -844.2806872
2.094  0.698     -844.2817218
2.094  1.047     -844.2821208
2.094  1.396     -844.2820654
2.094  1.745     -844.2821012
2.094  2.094     -844.2795006
2.094  2.443     -844.2685230
2.094  2.793     -844.2752622
2.094  3.142     -844.2796244
2.094  3.491     -844.2820691
2.094  3.840     -844.2824343
2.094  4.189     -844.2808600
2.094  4.538     -844.2795044
2.094  4.887     -844.2791980
2.094  5.236     -844.2780141
2.094  5.585     -844.2676807
2.094  5.934     -844.2757263
2.269  0.000     -844.2805203
2.269  0.349     -844.2812195
2.269  0.698     -844.2813318
2.269  1.047     -844.2802293
2.269  1.396     -844.2800172
2.269  1.745     -844.2794065
2.269  2.094     -844.2763636
2.269  2.443     -844.2701236
2.269  2.793     -844.2766662
2.269  3.142     -844.2805781
2.269  3.491     -844.2824372
2.269  3.840     -844.2815587
2.269  4.189     -844.2786129
2.269  4.538     -844.2772076
2.269  4.887     -844.2765001
2.269  5.236     -844.2747869
2.269  5.585     -844.2698452
2.269  5.934     -844.2773875
2.443  0.000     -844.2812679
2.443  0.349     -844.2813504
2.443  0.698     -844.2807038
2.443  1.047     -844.2786992
2.443  1.396     -844.2777366
2.443  1.745     -844.2764400
2.443  2.094     -844.2640690
2.443  2.443     -844.2714305
2.443  2.793     -844.2776240
2.443  3.142     -844.2811521
2.443  3.491     -844.2822647
2.443  3.840     -844.2804498
2.443  4.189     -844.2766293
2.443  4.538     -844.2747507
2.443  4.887     -844.2733180
2.443  5.236     -844.2625387
2.443  5.585     -844.2716439
2.443  5.934     -844.2786186
2.618  0.000     -844.2817444
2.618  0.349     -844.2813811
2.618  0.698     -844.2799751
2.618  1.047     -844.2775227
2.618  1.396     -844.2757844
2.618  1.745     -844.2733119
2.618  2.094     -844.2659798
2.618  2.443     -844.2728296
2.618  2.793     -844.2783148
2.618  3.142     -844.2812272
2.618  3.491     -844.2817812
2.618  3.840     -844.2794712
2.618  4.189     -844.2751851
2.618  4.538     -844.2724288
2.618  4.887     -844.2698276
2.618  5.236     -844.2644685
2.618  5.585     -844.2731260
2.618  5.934     -844.2794680
2.793  0.000     -844.2820152
2.793  0.349     -844.2814608
2.793  0.698     -844.2797687
2.793  1.047     -844.2771061
2.793  1.396     -844.2743060
2.793  1.745     -844.2702923
2.793  2.094     -844.2671259
2.793  2.443     -844.2736574
2.793  2.793     -844.2786291
2.793  3.142     -844.2810728
2.793  3.491     -844.2815945
2.793  3.840     -844.2790130
2.793  4.189     -844.2743729
2.793  4.538     -844.2704428
2.793  4.887     -844.2608547
2.793  5.236     -844.2663089
2.793  5.585     -844.2743449
2.793  5.934     -844.2800525
2.967  0.000     -844.2821328
2.967  0.349     -844.2816084
2.967  0.698     -844.2802087
2.967  1.047     -844.2773219
2.967  1.396     -844.2735927
2.967  1.745     -844.2654063
2.967  2.094     -844.2688299
2.967  2.443     -844.2741753
2.967  2.793     -844.2787151
2.967  3.142     -844.2812135
2.967  3.491     -844.2818139
2.967  3.840     -844.2791226
2.967  4.189     -844.2740746
2.967  4.538     -844.2692528
2.967  4.887     -844.2632920
2.967  5.236     -844.2682239
2.967  5.585     -844.2753744
2.967  5.934     -844.2804948
3.142  0.000     -844.2824962
3.142  0.349     -844.2819831
3.142  0.698     -844.2807448
3.142  1.047     -844.2781516
3.142  1.396     -844.2737727
3.142  1.745     -844.2676399
3.142  2.094     -844.2701024
3.142  2.443     -844.2747749
3.142  2.793     -844.2786891
3.142  3.142     -844.2811158
3.142  3.491     -844.2817047
3.142  3.840     -844.2795178
3.142  4.189     -844.2745725
3.142  4.538     -844.2662150
3.142  4.887     -844.2656173
3.142  5.236     -844.2698422
3.142  5.585     -844.2759920
3.142  5.934     -844.2808231
3.316  0.000     -844.2828797
3.316  0.349     -844.2825922
3.316  0.698     -844.2816893
3.316  1.047     -844.2795334
3.316  1.396     -844.2748166
3.316  1.745     -844.2699899
3.316  2.094     -844.2715422
3.316  2.443     -844.2748967
3.316  2.793     -844.2781999
3.316  3.142     -844.2808430
3.316  3.491     -844.2819501
3.316  3.840     -844.2802275
3.316  4.189     -844.2752440
3.316  4.538     -844.2688986
3.316  4.887     -844.2682458
3.316  5.236     -844.2712793
3.316  5.585     -844.2763550
3.316  5.934     -844.2809709
3.491  0.000     -844.2831036
3.491  0.349     -844.2831604
3.491  0.698     -844.2826202
3.491  1.047     -844.2811487
3.491  1.396     -844.2764352
3.491  1.745     -844.2724165
3.491  2.094     -844.2730192
3.491  2.443     -844.2752505
3.491  2.793     -844.2779447
3.491  3.142     -844.2805317
3.491  3.491     -844.2820733
3.491  3.840     -844.2808929
3.491  4.189     -844.2763856
3.491  4.538     -844.2717469
3.491  4.887     -844.2706956
3.491  5.236     -844.2727855
3.491  5.585     -844.2766310
3.491  5.934     -844.2810043
3.665  0.000     -844.2834154
3.665  0.349     -844.2832923
3.665  0.698     -844.2831513
3.665  1.047     -844.2823645
3.665  1.396     -844.2781817
3.665  1.745     -844.2751466
3.665  2.094     -844.2745515
3.665  2.443     -844.2759120
3.665  2.793     -844.2782029
3.665  3.142     -844.2803899
3.665  3.491     -844.2818116
3.665  3.840     -844.2812169
3.665  4.189     -844.2768454
3.665  4.538     -844.2747546
3.665  4.887     -844.2734448
3.665  5.236     -844.2743282
3.665  5.585     -844.2774819
3.665  5.934     -844.2818615
3.840  0.000     -844.2832880
3.840  0.349     -844.2828345
3.840  0.698     -844.2830398
3.840  1.047     -844.2827669
3.840  1.396     -844.2799767
3.840  1.745     -844.2780980
3.840  2.094     -844.2768620
3.840  2.443     -844.2776254
3.840  2.793     -844.2790254
3.840  3.142     -844.2802753
3.840  3.491     -844.2812093
3.840  3.840     -844.2809069
3.840  4.189     -844.2793290
3.840  4.538     -844.2774845
3.840  4.887     -844.2758336
3.840  5.236     -844.2763227
3.840  5.585     -844.2789776
3.840  5.934     -844.2825103
4.014  0.000     -844.2827111
4.014  0.349     -844.2818765
4.014  0.698     -844.2822088
4.014  1.047     -844.2824101
4.014  1.396     -844.2825062
4.014  1.745     -844.2810870
4.014  2.094     -844.2797332
4.014  2.443     -844.2795486
4.014  2.793     -844.2798114
4.014  3.142     -844.2798282
4.014  3.491     -844.2801123
4.014  3.840     -844.2798076
4.014  4.189     -844.2809597
4.014  4.538     -844.2798820
4.014  4.887     -844.2784143
4.014  5.236     -844.2786756
4.014  5.585     -844.2806769
4.014  5.934     -844.2828392
4.189  0.000     -844.2816945
4.189  0.349     -844.2806968
4.189  0.698     -844.2809658
4.189  1.047     -844.2822850
4.189  1.396     -844.2840614
4.189  1.745     -844.2833895
4.189  2.094     -844.2818919
4.189  2.443     -844.2808215
4.189  2.793     -844.2799084
4.189  3.142     -844.2788381
4.189  3.491     -844.2785726
4.189  3.840     -844.2797798
4.189  4.189     -844.2817267
4.189  4.538     -844.2813865
4.189  4.887     -844.2804163
4.189  5.236     -844.2804150
4.189  5.585     -844.2818288
4.189  5.934     -844.2827502
4.363  0.000     -844.2802013
4.363  0.349     -844.2789971
4.363  0.698     -844.2797009
4.363  1.047     -844.2822884
4.363  1.396     -844.2846129
4.363  1.745     -844.2846398
4.363  2.094     -844.2831720
4.363  2.443     -844.2813108
4.363  2.793     -844.2793184
4.363  3.142     -844.2774455
4.363  3.491     -844.2757810
4.363  3.840     -844.2796804
4.363  4.189     -844.2818779
4.363  4.538     -844.2819038
4.363  4.887     -844.2814282
4.363  5.236     -844.2816139
4.363  5.585     -844.2823818
4.363  5.934     -844.2820220
4.538  0.000     -844.2783315
4.538  0.349     -844.2769553
4.538  0.698     -844.2791199
4.538  1.047     -844.2820721
4.538  1.396     -844.2844847
4.538  1.745     -844.2850707
4.538  2.094     -844.2835570
4.538  2.443     -844.2810440
4.538  2.793     -844.2782600
4.538  3.142     -844.2757328
4.538  3.491     -844.2762134
4.538  3.840     -844.2796067
4.538  4.189     -844.2815086
4.538  4.538     -844.2817054
4.538  4.887     -844.2817465
4.538  5.236     -844.2817364
4.538  5.585     -844.2821135
4.538  5.934     -844.2809588
4.712  0.000     -844.2741379
4.712  0.349     -844.2763196
4.712  0.698     -844.2789395
4.712  1.047     -844.2816111
4.712  1.396     -844.2837923
4.712  1.745     -844.2848282
4.712  2.094     -844.2832456
4.712  2.443     -844.2802911
4.712  2.793     -844.2767647
4.712  3.142     -844.2724481
4.712  3.491     -844.2766945
4.712  3.840     -844.2795960
4.712  4.189     -844.2808187
4.712  4.538     -844.2810205
4.712  4.887     -844.2814240
4.712  5.236     -844.2813969
4.712  5.585     -844.2811841
4.712  5.934     -844.2794903
4.887  0.000     -844.2745784
4.887  0.349     -844.2769018
4.887  0.698     -844.2790207
4.887  1.047     -844.2809450
4.887  1.396     -844.2829039
4.887  1.745     -844.2839341
4.887  2.094     -844.2822922
4.887  2.443     -844.2790816
4.887  2.793     -844.2683012
4.887  3.142     -844.2737471
4.887  3.491     -844.2776010
4.887  3.840     -844.2797001
4.887  4.189     -844.2798397
4.887  4.538     -844.2799374
4.887  4.887     -844.2805660
4.887  5.236     -844.2805054
4.887  5.585     -844.2797753
4.887  5.934     -844.2698843
5.061  0.000     -844.2759896
5.061  0.349     -844.2775532
5.061  0.698     -844.2791831
5.061  1.047     -844.2801645
5.061  1.396     -844.2817007
5.061  1.745     -844.2825859
5.061  2.094     -844.2809616
5.061  2.443     -844.2771856
5.061  2.793     -844.2704484
5.061  3.142     -844.2755301
5.061  3.491     -844.2786667
5.061  3.840     -844.2799017
5.061  4.189     -844.2787166
5.061  4.538     -844.2785893
5.061  4.887     -844.2792952
5.061  5.236     -844.2790481
5.061  5.585     -844.2778091
5.061  5.934     -844.2715941
5.236  0.000     -844.2773114
5.236  0.349     -844.2784818
5.236  0.698     -844.2794060
5.236  1.047     -844.2792582
5.236  1.396     -844.2803155
5.236  1.745     -844.2808868
5.236  2.094     -844.2787734
5.236  2.443     -844.2657049
5.236  2.793     -844.2729177
5.236  3.142     -844.2774968
5.236  3.491     -844.2797987
5.236  3.840     -844.2799710
5.236  4.189     -844.2776799
5.236  4.538     -844.2770819
5.236  4.887     -844.2774662
5.236  5.236     -844.2769868
5.236  5.585     -844.2656825
5.236  5.934     -844.2737009
5.411  0.000     -844.2789850
5.411  0.349     -844.2796282
5.411  0.698     -844.2795849
5.411  1.047     -844.2783035
5.411  1.396     -844.2788275
5.411  1.745     -844.2787286
5.411  2.094     -844.2758447
5.411  2.443     -844.2685987
5.411  2.793     -844.2755609
5.411  3.142     -844.2793787
5.411  3.491     -844.2809328
5.411  3.840     -844.2800318
5.411  4.189     -844.2767049
5.411  4.538     -844.2755993
5.411  4.887     -844.2751859
5.411  5.236     -844.2588463
5.411  5.585     -844.2684944
5.411  5.934     -844.2760122
5.585  0.000     -844.2807265
5.585  0.349     -844.2807947
5.585  0.698     -844.2798268
5.585  1.047     -844.2775635
5.585  1.396     -844.2772646
5.585  1.745     -844.2762307
5.585  2.094     -844.2632156
5.585  2.443     -844.2714168
5.585  2.793     -844.2779393
5.585  3.142     -844.2811245
5.585  3.491     -844.2820442
5.585  3.840     -844.2801110
5.585  4.189     -844.2758271
5.585  4.538     -844.2739367
5.585  4.887     -844.2727102
5.585  5.236     -844.2621800
5.585  5.585     -844.2713841
5.585  5.934     -844.2783281
5.760  0.000     -844.2823228
5.760  0.349     -844.2819104
5.760  0.698     -844.2801646
5.760  1.047     -844.2771885
5.760  1.396     -844.2758232
5.760  1.745     -844.2734079
5.760  2.094     -844.2663947
5.760  2.443     -844.2740059
5.760  2.793     -844.2798339
5.760  3.142     -844.2825776
5.760  3.491     -844.2830754
5.760  3.840     -844.2803494
5.760  4.189     -844.2752780
5.760  4.538     -844.2723746
5.760  4.887     -844.2700373
5.760  5.236     -844.2654542
5.760  5.585     -844.2743136
5.760  5.934     -844.2804511
5.934  0.000     -844.2837468
5.934  0.349     -844.2829635
5.934  0.698     -844.2807082
5.934  1.047     -844.2773178
5.934  1.396     -844.2746722
5.934  1.745     -844.2642938
5.934  2.094     -844.2693173
5.934  2.443     -844.2761624
5.934  2.793     -844.2812415
5.934  3.142     -844.2837589
5.934  3.491     -844.2839704
5.934  3.840     -844.2808021
5.934  4.189     -844.2752135
5.934  4.538     -844.2713119
5.934  4.887     -844.2632355
5.934  5.236     -844.2688077
5.934  5.585     -844.2766802
5.934  5.934     -844.2822032
6.109  0.000     -844.2848112
6.109  0.349     -844.2839141
6.109  0.698     -844.2817076
6.109  1.047     -844.2781567
6.109  1.396     -844.2741888
6.109  1.745     -844.2676774
6.109  2.094     -844.2717823
6.109  2.443     -844.2776458
6.109  2.793     -844.2819617
6.109  3.142     -844.2844601
6.109  3.491     -844.2846223
6.109  3.840     -844.2814808
6.109  4.189     -844.2757918
6.109  4.538     -844.2678391
6.109  4.887     -844.2668549
6.109  5.236     -844.2715845
6.109  5.585     -844.2783103
6.109  5.934     -844.2832807
