0.000  0.175     -844.2851708
0.000  0.524     -844.2839018
0.000  0.873     -844.2813223
0.000  1.222     -844.2771505
0.000  1.571     -844.2706985
0.000  1.920     -844.2718539
0.000  2.269     -844.2761446
0.000  2.618     -844.2803962
0.000  2.967     -844.2835237
0.000  3.316     -844.2851390
0.000  3.665     -844.2841586
0.000  4.014     -844.2797085
0.000  4.363     -844.2730088
0.000  4.712     -844.2700121
0.000  5.061     -844.2712073
0.000  5.411     -844.2762422
0.000  5.760     -844.2814972
0.000  6.109     -844.2848491
0.175  0.175     -844.2851716
0.175  0.524     -844.2843967
0.175  0.873     -844.2825555
0.175  1.222     -844.2783917
0.175  1.571     -844.2738647
0.175  1.920     -844.2739945
0.175  2.269     -844.2767912
0.175  2.618     -844.2800377
0.175  2.967     -844.2829337
0.175  3.316     -844.2846189
0.175  3.665     -844.2843570
0.175  4.014     -844.2806844
0.175  4.363     -844.2760245
0.175  4.712     -844.2731356
0.175  5.061     -844.2733907
0.175  5.411     -844.2768847
0.175  5.760     -844.2815170
0.175  6.109     -844.2847831
0.349  0.175     -844.2846852
0.349  0.524     -844.2841147
0.349  0.873     -844.2828510
0.349  1.222     -844.2788699
0.349  1.571     -844.2767273
0.349  1.920     -844.2756091
0.349  2.269     -844.2768868
0.349  2.618     -844.2794114
0.349  2.967     -844.2819571
0.349  3.316     -844.2838287
0.349  3.665     -844.2839656
0.349  4.014     -844.2816372
0.349  4.363     -844.2788423
0.349  4.712     -844.2758233
0.349  5.061     -844.2752017
0.349  5.411     -844.2773548
0.349  5.760     -844.2812577
0.349  6.109     -844.2843650
0.524  0.175     -844.2835700
0.524  0.524     -844.2829614
0.524  0.873     -844.2821448
0.524  1.222     -844.2810462
0.524  1.571     -844.2792482
0.524  1.920     -844.2769898
0.524  2.269     -844.2772082
0.524  2.618     -844.2791449
0.524  2.967     -844.2810904
0.524  3.316     -844.2825486
0.524  3.665     -844.2828971
0.524  4.014     -844.2824930
0.524  4.363     -844.2810235
0.524  4.712     -844.2780552
0.524  5.061     -844.2766975
0.524  5.411     -844.2780450
0.524  5.760     -844.2814347
0.524  6.109     -844.2838482
0.698  0.175     -844.2819322
0.698  0.524     -844.2811875
0.698  0.873     -844.2809058
0.698  1.222     -844.2824760
0.698  1.571     -844.2812786
0.698  1.920     -844.2785717
0.698  2.269     -844.2783139
0.698  2.618     -844.2792538
0.698  2.967     -844.2803690
0.698  3.316     -844.2810464
0.698  3.665     -844.2815307
0.698  4.014     -844.2829053
0.698  4.363     -844.2822371
0.698  4.712     -844.2796365
0.698  5.061     -844.2781536
0.698  5.411     -844.2789503
0.698  5.760     -844.2816448
0.698  6.109     -844.2828382
0.873  0.175     -844.2801252
0.873  0.524     -844.2794436
0.873  0.873     -844.2805092
0.873  1.222     -844.2833372
0.873  1.571     -844.2829602
0.873  1.920     -844.2805781
0.873  2.269     -844.2795334
0.873  2.618     -844.2794281
0.873  2.967     -844.2793805
0.873  3.316     -844.2795351
0.873  3.665     -844.2808109
0.873  4.014     -844.2829946
0.873  4.363     -844.2829119
0.873  4.712     -844.2806992
0.873  5.061     -844.2795074
0.873  5.411     -844.2800797
0.873  5.760     -844.2816871
0.873  6.109     -844.2817197
1.047  0.175     -844.2784465
1.047  0.524     -844.2780445
1.047  0.873     -844.2806227
1.047  1.222     -844.2837496
1.047  1.571     -844.2840458
1.047  1.920     -844.2821573
1.047  2.269     -844.2804454
1.047  2.618     -844.2792919
1.047  2.967     -844.2782316
1.047  3.316     -844.2779803
1.047  3.665     -844.2799300
1.047  4.014     -844.2825619
1.047  4.363     -844.2831751
1.047  4.712     -844.2814079
1.047  5.061     -844.2806284
1.047  5.411     -844.2809246
1.047  5.760     -844.2815270
1.047  6.109     -844.2804608
1.222  0.175     -844.2761364
1.222  0.524     -844.2776832
1.222  0.873     -844.2806890
1.222  1.222     -844.2840047
1.222  1.571     -844.2847532
1.222  1.920     -844.2830695
1.222  2.269     -844.2809904
1.222  2.618     -844.2789302
1.222  2.967     -844.2773499
1.222  3.316     -844.2766341
1.222  3.665     -844.2801253
1.222  4.014     -844.2826744
1.222  4.363     -844.2831117
1.222  4.712     -844.2820345
1.222  5.061     -844.2813109
1.222  5.411     -844.2814029
1.222  5.760     -844.2810978
1.222  6.109     -844.2791997
1.396  0.175     -844.2755982
1.396  0.524     -844.2779689
1.396  0.873     -844.2810361
1.396  1.222     -844.2843381
1.396  1.571     -844.2852583
1.396  1.920     -844.2837715
1.396  2.269     -844.2812628
1.396  2.618     -844.2785544
1.396  2.967     -844.2764129
1.396  3.316     -844.2764286
1.396  3.665     -844.2801838
1.396  4.014     -844.2830209
1.396  4.363     -844.2833255
1.396  4.712     -844.2822702
1.396  5.061     -844.2818035
1.396  5.411     -844.2815263
1.396  5.760     -844.2806140
1.396  6.109     -844.2781890
1.571  0.175     -844.2760947
1.571  0.524     -844.2785563
1.571  0.873     -844.2818857
1.571  1.222     -844.2845809
1.571  1.571     -844.2855092
1.571  1.920     -844.2841845
1.571  2.269     -844.2812952
1.571  2.618     -844.2780594
1.571  2.967     -844.2725020
1.571  3.316     -844.2772866
1.571  3.665     -844.2809076
1.571  4.014     -844.2831319
1.571  4.363     -844.2834068
1.571  4.712     -844.2825769
1.571  5.061     -844.2821323
1.571  5.411     -844.2815138
1.571  5.760     -844.2800370
1.571  6.109     -844.2728239
1.745  0.175     -844.2773333
1.745  0.524     -844.2795787
1.745  0.873     -844.2822323
1.745  1.222     -844.2845273
1.745  1.571     -844.2852371
1.745  1.920     -844.2840635
1.745  2.269     -844.2809323
1.745  2.618     -844.2771956
1.745  2.967     -844.2742862
1.745  3.316     -844.2787994
1.745  3.665     -844.2818871
1.745  4.014     -844.2833285
1.745  4.363     -844.2829494
1.745  4.712     -844.2824201
1.745  5.061     -844.2817232
1.745  5.411     -844.2810192
1.745  5.760     -844.2790540
1.745  6.109     -844.2743207
1.920  0.175     -844.2788603
1.920  0.524     -844.2806901
1.920  0.873     -844.2824987
1.920  1.222     -844.2837172
1.920  1.571     -844.2841045
1.920  1.920     -844.2831420
1.920  2.269     -844.2797156
1.920  2.618     -844.2702972
1.920  2.967     -844.2762482
1.920  3.316     -844.2801709
1.920  3.665     -844.2824272
1.920  4.014     -844.2829164
1.920  4.363     -844.2819599
1.920  4.712     -844.2812719
1.920  5.061     -844.2807218
1.920  5.411     -844.2796096
1.920  5.760     -844.2698741
1.920  6.109     -844.2762770
2.094  0.175     -844.2801407
2.094  0.524     -844.2812834
2.094  0.873     -844.2820684
2.094  1.222     -844.2819619
2.094  1.571     -844.2823413
2.094  1.920     -844.2812300
2.094  2.269     -844.2772115
2.094  2.618     -844.2721636
2.094  2.967     -844.2777316
2.094  3.316     -844.2810997
2.094  3.665     -844.2825203
2.094  4.014     -844.2817195
2.094  4.363     -844.2799401
2.094  4.712     -844.2795052
2.094  5.061     -844.2786921
2.094  5.411     -844.2771160
2.094  5.760     -844.2722119
2.094  6.109     -844.2780900
2.269  0.175     -844.2809788
2.269  0.524     -844.2813681
2.269  0.873     -844.2809396
2.269  1.222     -844.2798855
2.269  1.571     -844.2799080
2.269  1.920     -844.2782185
2.269  2.269     -844.2662665
2.269  2.618     -844.2736621
2.269  2.967     -844.2789266
2.269  3.316     -844.2817559
2.269  3.665     -844.2822652
2.269  4.014     -844.2800816
2.269  4.363     -844.2775515
2.269  4.712     -844.2769424
2.269  5.061     -844.2757928
2.269  5.411     -844.2650256
2.269  5.760     -844.2741299
2.269  6.109     -844.2794875
2.443  0.175     -844.2814272
2.443  0.524     -844.2811985
2.443  0.873     -844.2798383
2.443  1.222     -844.2780472
2.443  1.571     -844.2774970
2.443  1.920     -844.2746658
2.443  2.269     -844.2676973
2.443  2.618     -844.2747986
2.443  2.967     -844.2797071
2.443  3.316     -844.2819902
2.443  3.665     -844.2818516
2.443  4.014     -844.2784931
2.443  4.363     -844.2755860
2.443  4.712     -844.2741179
2.443  5.061     -844.2721032
2.443  5.411     -844.2670384
2.443  5.760     -844.2756494
2.443  6.109     -844.2804595
2.618  0.175     -844.2816765
2.618  0.524     -844.2809225
2.618  0.873     -844.2790004
2.618  1.222     -844.2766471
2.618  1.571     -844.2747923
2.618  1.920     -844.2628434
2.618  2.269     -844.2693364
2.618  2.618     -844.2759243
2.618  2.967     -844.2800949
2.618  3.316     -844.2817958
2.618  3.665     -844.2810848
2.618  4.014     -844.2773172
2.618  4.363     -844.2737908
2.618  4.712     -844.2711714
2.618  5.061     -844.2608143
2.618  5.411     -844.2687764
2.618  5.760     -844.2768175
2.618  6.109     -844.2810559
2.793  0.175     -844.2818115
2.793  0.524     -844.2808542
2.793  0.873     -844.2786134
2.793  1.222     -844.2757370
2.793  1.571     -844.2726343
2.793  1.920     -844.2648570
2.793  2.269     -844.2703985
2.793  2.618     -844.2764282
2.793  2.967     -844.2801279
2.793  3.316     -844.2816400
2.793  3.665     -844.2806627
2.793  4.014     -844.2767341
2.793  4.363     -844.2723253
2.793  4.712     -844.2685516
2.793  5.061     -844.2629190
2.793  5.411     -844.2703401
2.793  5.760     -844.2776709
2.793  6.109     -844.2814563
2.967  0.175     -844.2820853
2.967  0.524     -844.2809256
2.967  0.873     -844.2788824
2.967  1.222     -844.2756576
2.967  1.571     -844.2712042
2.967  1.920     -844.2666046
2.967  2.269     -844.2714455
2.967  2.618     -844.2766802
2.967  2.967     -844.2802219
2.967  3.316     -844.2818216
2.967  3.665     -844.2809127
2.967  4.014     -844.2765580
2.967  4.363     -844.2715457
2.967  4.712     -844.2629395
2.967  5.061     -844.2651667
2.967  5.411     -844.2717854
2.967  5.760     -844.2782814
2.967  6.109     -844.2818700
3.142  0.175     -844.2824359
3.142  0.524     -844.2813441
3.142  0.873     -844.2797867
3.142  1.222     -844.2762261
3.142  1.571     -844.2708757
3.142  1.920     -844.2683694
3.142  2.269     -844.2724325
3.142  2.618     -844.2769087
3.142  2.967     -844.2800839
3.142  3.316     -844.2817298
3.142  3.665     -844.2809336
3.142  4.014     -844.2773221
3.142  4.363     -844.2717244
3.142  4.712     -844.2650876
3.142  5.061     -844.2673194
3.142  5.411     -844.2729012
3.142  5.760     -844.2786115
3.142  6.109     -844.2820150
3.316  0.175     -844.2828644
3.316  0.524     -844.2821417
3.316  0.873     -844.2810343
3.316  1.222     -844.2775058
3.316  1.571     -844.2716924
3.316  1.920     -844.2704452
3.316  2.269     -844.2731454
3.316  2.618     -844.2766481
3.316  2.967     -844.2796818
3.316  3.316     -844.2816206
3.316  3.665     -844.2816078
3.316  4.014     -844.2778780
3.316  4.363     -844.2723069
3.316  4.712     -844.2680915
3.316  5.061     -844.2692333
3.316  5.411     -844.2737840
3.316  5.760     -844.2787419
3.316  6.109     -844.2821549
3.491  0.175     -844.2831786
3.491  0.524     -844.2829671
3.491  0.873     -844.2822708
3.491  1.222     -844.2791421
3.491  1.571     -844.2733205
3.491  1.920     -844.2724596
3.491  2.269     -844.2740444
3.491  2.618     -844.2765964
3.491  2.967     -844.2792679
3.491  3.316     -844.2815492
3.491  3.665     -844.2819579
3.491  4.014     -844.2789289
3.491  4.363     -844.2735641
3.491  4.712     -844.2708241
3.491  5.061     -844.2715753
3.491  5.411     -844.2744675
3.491  5.760     -844.2789371
3.491  6.109     -844.2827343
3.665  0.175     -844.2835024
3.665  0.524     -844.2834185
3.665  0.873     -844.2829550
3.665  1.222     -844.2806653
3.665  1.571     -844.2754578
3.665  1.920     -844.2745385
3.665  2.269     -844.2749846
3.665  2.618     -844.2769738
3.665  2.967     -844.2793588
3.665  3.316     -844.2812867
3.665  3.665     -844.2818591
3.665  4.014     -844.2796341
3.665  4.363     -844.2758329
3.665  4.712     -844.2738766
3.665  5.061     -844.2735730
3.665  5.411     -844.2757863
3.665  5.760     -844.2797485
3.665  6.109     -844.2831546
3.840  0.175     -844.2833500
3.840  0.524     -844.2830984
3.840  0.873     -844.2829778
3.840  1.222     -844.2818143
3.840  1.571     -844.2792279
3.840  1.920     -844.2771726
3.840  2.269     -844.2771111
3.840  2.618     -844.2783055
3.840  2.967     -844.2796547
3.840  3.316     -844.2808287
3.840  3.665     -844.2812801
3.840  4.014     -844.2796792
3.840  4.363     -844.2786118
3.840  4.712     -844.2764841
3.840  5.061     -844.2757713
3.840  5.411     -844.2773648
3.840  5.760     -844.2810027
3.840  6.109     -844.2833080
4.014  0.175     -844.2824371
4.014  0.524     -844.2820522
4.014  0.873     -844.2822934
4.014  1.222     -844.2823094
4.014  1.571     -844.2820356
4.014  1.920     -844.2802812
4.014  2.269     -844.2795244
4.014  2.618     -844.2796703
4.014  2.967     -844.2798140
4.014  3.316     -844.2799693
4.014  3.665     -844.2801070
4.014  4.014     -844.2806031
4.014  4.363     -844.2807363
4.014  4.712     -844.2789032
4.014  5.061     -844.2782005
4.014  5.411     -844.2794393
4.014  5.760     -844.2820487
4.014  6.109     -844.2831091
4.189  0.175     -844.2809012
4.189  0.524     -844.2805234
4.189  0.873     -844.2814280
4.189  1.222     -844.2834702
4.189  1.571     -844.2839759
4.189  1.920     -844.2826277
4.189  2.269     -844.2812976
4.189  2.618     -844.2803490
4.189  2.967     -844.2793744
4.189  3.316     -844.2785899
4.189  3.665     -844.2783817
4.189  4.014     -844.2809275
4.189  4.363     -844.2818763
4.189  4.712     -844.2807540
4.189  5.061     -844.2802211
4.189  5.411     -844.2812805
4.189  5.760     -844.2824602
4.189  6.109     -844.2824509
4.363  0.175     -844.2790978
4.363  0.524     -844.2790634
4.363  0.873     -844.2807981
4.363  1.222     -844.2837844
4.363  1.571     -844.2849841
4.363  1.920     -844.2840124
4.363  2.269     -844.2822569
4.363  2.618     -844.2803157
4.363  2.967     -844.2783501
4.363  3.316     -844.2768497
4.363  3.665     -844.2780360
4.363  4.014     -844.2809564
4.363  4.363     -844.2821391
4.363  4.712     -844.2816401
4.363  5.061     -844.2815610
4.363  5.411     -844.2819998
4.363  5.760     -844.2822882
4.363  6.109     -844.2813081
4.538  0.175     -844.2772058
4.538  0.524     -844.2777497
4.538  0.873     -844.2805229
4.538  1.222     -844.2836070
4.538  1.571     -844.2851291
4.538  1.920     -844.2844903
4.538  2.269     -844.2823853
4.538  2.618     -844.2796701
4.538  2.967     -844.2768887
4.538  3.316     -844.2742146
4.538  3.665     -844.2780624
4.538  4.014     -844.2807165
4.538  4.363     -844.2816659
4.538  4.712     -844.2817361
4.538  5.061     -844.2818613
4.538  5.411     -844.2820893
4.538  5.760     -844.2816322
4.538  6.109     -844.2797536
4.712  0.175     -844.2753977
4.712  0.524     -844.2777383
4.712  0.873     -844.2801978
4.712  1.222     -844.2829216
4.712  1.571     -844.2846640
4.712  1.920     -844.2842877
4.712  2.269     -844.2818874
4.712  2.618     -844.2785684
4.712  2.967     -844.2698571
4.712  3.316     -844.2747477
4.712  3.665     -844.2783190
4.712  4.014     -844.2803936
4.712  4.363     -844.2807430
4.712  4.712     -844.2812361
4.712  5.061     -844.2813660
4.712  5.411     -844.2815382
4.712  5.760     -844.2804526
4.712  6.109     -844.2778419
4.887  0.175     -844.2758861
4.887  0.524     -844.2779235
4.887  0.873     -844.2799925
4.887  1.222     -844.2818942
4.887  1.571     -844.2837170
4.887  1.920     -844.2833914
4.887  2.269     -844.2808758
4.887  2.618     -844.2769327
4.887  2.967     -844.2712321
4.887  3.316     -844.2759025
4.887  3.665     -844.2788773
4.887  4.014     -844.2799846
4.887  4.363     -844.2795234
4.887  4.712     -844.2803158
4.887  5.061     -844.2805240
4.887  5.411     -844.2803570
4.887  5.760     -844.2788091
4.887  6.109     -844.2729326
5.061  0.175     -844.2768830
5.061  0.524     -844.2783472
5.061  0.873     -844.2797284
5.061  1.222     -844.2807783
5.061  1.571     -844.2824400
5.061  1.920     -844.2821140
5.061  2.269     -844.2793176
5.061  2.618     -844.2670664
5.061  2.967     -844.2732086
5.061  3.316     -844.2773129
5.061  3.665     -844.2795755
5.061  4.014     -844.2795326
5.061  4.363     -844.2782358
5.061  4.712     -844.2790534
5.061  5.061     -844.2791956
5.061  5.411     -844.2785689
5.061  5.760     -844.2677015
5.061  6.109     -844.2743026
5.236  0.175     -844.2779931
5.236  0.524     -844.2790026
5.236  0.873     -844.2794057
5.236  1.222     -844.2796566
5.236  1.571     -844.2808758
5.236  1.920     -844.2802129
5.236  2.269     -844.2767905
5.236  2.618     -844.2696716
5.236  2.967     -844.2755131
5.236  3.316     -844.2788642
5.236  3.665     -844.2802102
5.236  4.014     -844.2790481
5.236  4.363     -844.2768806
5.236  4.712     -844.2774631
5.236  5.061     -844.2772841
5.236  5.411     -844.2605869
5.236  5.760     -844.2700792
5.236  6.109     -844.2760985
5.411  0.175     -844.2793879
5.411  0.524     -844.2797263
5.411  0.873     -844.2789999
5.411  1.222     -844.2784241
5.411  1.571     -844.2791050
5.411  1.920     -844.2776694
5.411  2.269     -844.2643322
5.411  2.618     -844.2724751
5.411  2.967     -844.2778649
5.411  3.316     -844.2803627
5.411  3.665     -844.2808677
5.411  4.014     -844.2785118
5.411  4.363     -844.2756994
5.411  4.712     -844.2755171
5.411  5.061     -844.2746851
5.411  5.411     -844.2636674
5.411  5.760     -844.2727246
5.411  6.109     -844.2780478
5.585  0.175     -844.2808632
5.585  0.524     -844.2804798
5.585  0.873     -844.2786786
5.585  1.222     -844.2772649
5.585  1.571     -844.2770890
5.585  1.920     -844.2746311
5.585  2.269     -844.2673421
5.585  2.618     -844.2750734
5.585  2.967     -844.2799136
5.585  3.316     -844.2818320
5.585  3.665     -844.2814823
5.585  4.014     -844.2780264
5.585  4.363     -844.2745525
5.585  4.712     -844.2733705
5.585  5.061     -844.2716751
5.585  5.411     -844.2669733
5.585  5.760     -844.2753502
5.585  6.109     -844.2800350
5.760  0.175     -844.2822354
5.760  0.524     -844.2812661
5.760  0.873     -844.2785194
5.760  1.222     -844.2764655
5.760  1.571     -844.2748368
5.760  1.920     -844.2629815
5.760  2.269     -844.2702669
5.760  2.618     -844.2772833
5.760  2.967     -844.2815140
5.760  3.316     -844.2831296
5.760  3.665     -844.2821594
5.760  4.014     -844.2777860
5.760  4.363     -844.2735747
5.760  4.712     -844.2711927
5.760  5.061     -844.2618677
5.760  5.411     -844.2699492
5.760  5.760     -844.2777812
5.760  6.109     -844.2818615
5.934  0.175     -844.2835294
5.934  0.524     -844.2820697
5.934  0.873     -844.2789060
5.934  1.222     -844.2760387
5.934  1.571     -844.2730096
5.934  1.920     -844.2662124
5.934  2.269     -844.2728644
5.934  2.618     -844.2790398
5.934  2.967     -844.2827403
5.934  3.316     -844.2841978
5.934  3.665     -844.2828464
5.934  4.014     -844.2779748
5.934  4.363     -844.2731274
5.934  4.712     -844.2694699
5.934  5.061     -844.2652859
5.934  5.411     -844.2727101
5.934  5.760     -844.2797659
5.934  6.109     -844.2833998
6.109  0.175     -844.2845526
6.109  0.524     -844.2829791
6.109  0.873     -844.2799326
6.109  1.222     -844.2762590
6.109  1.571     -844.2672976
6.109  1.920     -844.2692476
6.109  2.269     -844.2748387
6.109  2.618     -844.2800778
6.109  2.967     -844.2834193
6.109  3.316     -844.2848955
6.109  3.665     -844.2834779
6.109  4.014     -844.2786625
6.109  4.363     -844.2732630
6.109  4.712     -844.2664866
6.109  5.061     -844.2685554
6.109  5.411     -844.2748940
6.109  5.760     -844.2810698
6.109  6.109     -844.2844744
