3.000        -68.5245182
3.500        -41.9790895
3.700        -33.4136353
3.900        -26.4405214
4.000        -23.5010675
4.100        -20.8889598
4.200        -18.5732076
4.300        -16.5214690
4.400        -14.7034462
4.500        -13.0919754
4.600        -11.6635463
4.700        -10.3986841
4.800         -9.2802085
4.900         -8.2925255
5.000         -7.4208730
5.100         -6.6518292
5.200         -5.9730464
5.300         -5.3732231
5.400         -4.8425042
5.500         -4.3721521
5.600         -3.9545923
5.700         -3.5831283
5.800         -3.2520647
5.900         -2.9564422
6.000         -2.6919896
6.500         -1.7223624
7.000         -1.1382260
8.000         -0.5378547
10.000         -0.1516919
