$molecule
0  1
C        +0.24878000        +2.52233000        +5.36261000
C        +0.65234000        +1.06392000        +5.77537000
C        -1.15592000        +2.70968000        +4.82043000
C        -0.34849000        -0.03898000        +5.49999000
O        -2.06564000        +2.26577000        +5.71632000
O        -1.44728000        +3.23684000        +3.77784000
O        -0.88756000        +0.04953000        +4.27046000
O        -0.59600000        -0.93132000        +6.27577000
C        -1.83526000        -0.96996000        +3.91106000
C        -3.44460000        +2.35237000        +5.31586000
C        +1.35616000        +2.87719000        +4.34175000
C        +2.65678000        +3.19445000        +5.10521000
C        +3.06944000        +1.77096000        +5.57966000
C        +1.97031000        +0.88446000        +4.92928000
O        +1.65448000        +1.61408000        +3.73290000
H        +0.30419000        +3.16531000        +6.24566000
H        +0.86531000        +0.99703000        +6.84074000
H        -2.66141000        -0.98932000        +4.62370000
H        -3.73468000        +3.39267000        +5.16072000
H        +3.39842000        +3.61527000        +4.42471000
H        +2.50844000        +3.90233000        +5.92317000
H        +4.04790000        +1.48739000        +5.18827000
H        +3.09967000        +1.66483000        +6.66594000
H        -2.18540000        -0.70020000        +2.91729000
H        -1.35454000        -1.94952000        +3.89570000
H        -4.01247000        +1.91368000        +6.13337000
H        -3.60512000        +1.79445000        +4.39171000
C        +2.38058000        -0.53522000        +4.60854000
H        +3.28919000        -0.52933000        +4.00300000
H        +2.57598000        -1.09314000        +5.52745000
H        +1.59943000        -1.05151000        +4.04794000
H        +1.05878000        +3.67688000        +3.69602000
@C        +0.22270000        +1.04488000        +0.58595000
@C        +0.62626000        -0.41353000        +0.99871000
@C        -1.18200000        +1.23223000        +0.04377000
@C        -0.37457000        -1.51643000        +0.72333000
@O        -2.09172000        +0.78832000        +0.93966000
@O        -1.47336000        +1.75939000        -0.99882000
@O        -0.91364000        -1.42792000        -0.50620000
@O        -0.62208000        -2.40877000        +1.49911000
@C        -1.86134000        -2.44741000        -0.86560000
@C        -3.47068000        +0.87492000        +0.53920000
@C        +1.33008000        +1.39974000        -0.43491000
@C        +2.63070000        +1.71700000        +0.32855000
@C        +3.04336000        +0.29351000        +0.80300000
@C        +1.94423000        -0.59299000        +0.15262000
@O        +1.62840000        +0.13663000        -1.04376000
@H        +0.27811000        +1.68786000        +1.46900000
@H        +0.83923000        -0.48042000        +2.06408000
@H        -2.68749000        -2.46677000        -0.15296000
@H        -3.76076000        +1.91522000        +0.38406000
@H        +3.37234000        +2.13782000        -0.35195000
@H        +2.48236000        +2.42488000        +1.14651000
@H        +4.02182000        +0.00994000        +0.41161000
@H        +3.07359000        +0.18738000        +1.88928000
@H        -2.21148000        -2.17765000        -1.85937000
@H        -1.38062000        -3.42697000        -0.88096000
@H        -4.03855000        +0.43623000        +1.35671000
@H        -3.63120000        +0.31700000        -0.38495000
@C        +2.35450000        -2.01267000        -0.16812000
@H        +3.26311000        -2.00678000        -0.77366000
@H        +2.54990000        -2.57059000        +0.75079000
@H        +1.57335000        -2.52896000        -0.72872000
@H        +1.03270000        +2.19943000        -1.08064000
$end

$rem
JOBTYPE                   SP
METHOD                    B3LYP
DFT_D                     d3_op
BASIS                     6-311++G(d,p)
SYMMETRY                  False
THRESH                    12
SCF_CONVERGENCE           8
MAX_SUB_FILE_NUM          128
MEM_STATIC                400
MEM_TOTAL                 4000
$end
