$molecule
0  1
C        +0.25400000        +2.81782000        +6.31794000
C        +0.65756000        +1.35941000        +6.73070000
C        -1.15070000        +3.00517000        +5.77576000
C        -0.34327000        +0.25651000        +6.45532000
O        -2.06042000        +2.56126000        +6.67165000
O        -1.44206000        +3.53233000        +4.73317000
O        -0.88234000        +0.34502000        +5.22579000
O        -0.59078000        -0.63583000        +7.23110000
C        -1.83004000        -0.67447000        +4.86639000
C        -3.43938000        +2.64786000        +6.27119000
C        +1.36138000        +3.17268000        +5.29708000
C        +2.66200000        +3.48994000        +6.06054000
C        +3.07466000        +2.06645000        +6.53499000
C        +1.97553000        +1.17995000        +5.88461000
O        +1.65970000        +1.90957000        +4.68823000
H        +0.30941000        +3.46080000        +7.20099000
H        +0.87053000        +1.29252000        +7.79607000
H        -2.65619000        -0.69383000        +5.57903000
H        -3.72946000        +3.68816000        +6.11605000
H        +3.40364000        +3.91076000        +5.38004000
H        +2.51366000        +4.19782000        +6.87850000
H        +4.05312000        +1.78288000        +6.14360000
H        +3.10489000        +1.96032000        +7.62127000
H        -2.18018000        -0.40471000        +3.87262000
H        -1.34932000        -1.65403000        +4.85103000
H        -4.00725000        +2.20917000        +7.08870000
H        -3.59990000        +2.08994000        +5.34704000
C        +2.38580000        -0.23973000        +5.56387000
H        +3.29441000        -0.23384000        +4.95833000
H        +2.58120000        -0.79765000        +6.48278000
H        +1.60465000        -0.75602000        +5.00327000
H        +1.06400000        +3.97237000        +4.65135000
@C        +0.22270000        +1.04488000        +0.58595000
@C        +0.62626000        -0.41353000        +0.99871000
@C        -1.18200000        +1.23223000        +0.04377000
@C        -0.37457000        -1.51643000        +0.72333000
@O        -2.09172000        +0.78832000        +0.93966000
@O        -1.47336000        +1.75939000        -0.99882000
@O        -0.91364000        -1.42792000        -0.50620000
@O        -0.62208000        -2.40877000        +1.49911000
@C        -1.86134000        -2.44741000        -0.86560000
@C        -3.47068000        +0.87492000        +0.53920000
@C        +1.33008000        +1.39974000        -0.43491000
@C        +2.63070000        +1.71700000        +0.32855000
@C        +3.04336000        +0.29351000        +0.80300000
@C        +1.94423000        -0.59299000        +0.15262000
@O        +1.62840000        +0.13663000        -1.04376000
@H        +0.27811000        +1.68786000        +1.46900000
@H        +0.83923000        -0.48042000        +2.06408000
@H        -2.68749000        -2.46677000        -0.15296000
@H        -3.76076000        +1.91522000        +0.38406000
@H        +3.37234000        +2.13782000        -0.35195000
@H        +2.48236000        +2.42488000        +1.14651000
@H        +4.02182000        +0.00994000        +0.41161000
@H        +3.07359000        +0.18738000        +1.88928000
@H        -2.21148000        -2.17765000        -1.85937000
@H        -1.38062000        -3.42697000        -0.88096000
@H        -4.03855000        +0.43623000        +1.35671000
@H        -3.63120000        +0.31700000        -0.38495000
@C        +2.35450000        -2.01267000        -0.16812000
@H        +3.26311000        -2.00678000        -0.77366000
@H        +2.54990000        -2.57059000        +0.75079000
@H        +1.57335000        -2.52896000        -0.72872000
@H        +1.03270000        +2.19943000        -1.08064000
$end

$rem
JOBTYPE                   SP
METHOD                    B3LYP
DFT_D                     d3_op
BASIS                     6-311++G(d,p)
SYMMETRY                  False
THRESH                    12
SCF_CONVERGENCE           8
MAX_SUB_FILE_NUM          128
MEM_STATIC                400
MEM_TOTAL                 4000
$end
