0.000  0.000     -764.5911502
0.000  0.175     -764.5911601
0.000  0.349     -764.5906158
0.000  0.524     -764.5894996
0.000  0.698     -764.5880009
0.000  0.873     -764.5863497
0.000  1.047     -764.5845083
0.000  1.222     -764.5824880
0.000  1.396     -764.5799800
0.000  1.571     -764.5767978
0.000  1.745     -764.5773547
0.000  1.920     -764.5785133
0.000  2.094     -764.5801718
0.000  2.269     -764.5819256
0.000  2.443     -764.5837744
0.000  2.618     -764.5856696
0.000  2.793     -764.5873117
0.000  2.967     -764.5886756
0.000  3.142     -764.5894573
0.000  3.316     -764.5898779
0.000  3.491     -764.5896772
0.000  3.665     -764.5890266
0.000  3.840     -764.5878679
0.000  4.014     -764.5862165
0.000  4.189     -764.5841011
0.000  4.363     -764.5814989
0.000  4.538     -764.5786243
0.000  4.712     -764.5763497
0.000  4.887     -764.5772174
0.000  5.061     -764.5786113
0.000  5.236     -764.5802916
0.000  5.411     -764.5824709
0.000  5.585     -764.5847638
0.000  5.760     -764.5870129
0.000  5.934     -764.5889535
0.000  6.109     -764.5903671
0.175  0.000     -764.5911256
0.175  0.175     -764.5908317
0.175  0.349     -764.5899791
0.175  0.524     -764.5886541
0.175  0.698     -764.5870654
0.175  0.873     -764.5855149
0.175  1.047     -764.5840314
0.175  1.222     -764.5824077
0.175  1.396     -764.5805786
0.175  1.571     -764.5798806
0.175  1.745     -764.5803848
0.175  1.920     -764.5813613
0.175  2.094     -764.5826050
0.175  2.269     -764.5840356
0.175  2.443     -764.5854540
0.175  2.618     -764.5868335
0.175  2.793     -764.5880413
0.175  2.967     -764.5890385
0.175  3.142     -764.5895280
0.175  3.316     -764.5894702
0.175  3.491     -764.5891474
0.175  3.665     -764.5882977
0.175  3.840     -764.5871143
0.175  4.014     -764.5854792
0.175  4.189     -764.5835350
0.175  4.363     -764.5812320
0.175  4.538     -764.5793026
0.175  4.712     -764.5795634
0.175  4.887     -764.5803723
0.175  5.061     -764.5813891
0.175  5.236     -764.5827768
0.175  5.411     -764.5843654
0.175  5.585     -764.5861496
0.175  5.760     -764.5880269
0.175  5.934     -764.5896103
0.175  6.109     -764.5907139
0.349  0.000     -764.5904856
0.349  0.175     -764.5899184
0.349  0.349     -764.5887056
0.349  0.524     -764.5872541
0.349  0.698     -764.5858676
0.349  0.873     -764.5845620
0.349  1.047     -764.5835923
0.349  1.222     -764.5828772
0.349  1.396     -764.5825100
0.349  1.571     -764.5824621
0.349  1.745     -764.5829335
0.349  1.920     -764.5837112
0.349  2.094     -764.5845292
0.349  2.269     -764.5854407
0.349  2.443     -764.5864561
0.349  2.618     -764.5874410
0.349  2.793     -764.5882351
0.349  2.967     -764.5887839
0.349  3.142     -764.5888801
0.349  3.316     -764.5885985
0.349  3.491     -764.5879723
0.349  3.665     -764.5870346
0.349  3.840     -764.5857787
0.349  4.014     -764.5843583
0.349  4.189     -764.5829714
0.349  4.363     -764.5819227
0.349  4.538     -764.5819399
0.349  4.712     -764.5823993
0.349  4.887     -764.5830760
0.349  5.061     -764.5837647
0.349  5.236     -764.5846485
0.349  5.411     -764.5858021
0.349  5.585     -764.5870528
0.349  5.760     -764.5885057
0.349  5.934     -764.5896427
0.349  6.109     -764.5903824
0.524  0.000     -764.5893201
0.524  0.175     -764.5884984
0.524  0.349     -764.5872391
0.524  0.524     -764.5858432
0.524  0.698     -764.5847069
0.524  0.873     -764.5841150
0.524  1.047     -764.5838174
0.524  1.222     -764.5839902
0.524  1.396     -764.5842197
0.524  1.571     -764.5846726
0.524  1.745     -764.5850058
0.524  1.920     -764.5854470
0.524  2.094     -764.5859332
0.524  2.269     -764.5864366
0.524  2.443     -764.5869990
0.524  2.618     -764.5875333
0.524  2.793     -764.5878959
0.524  2.967     -764.5879952
0.524  3.142     -764.5878232
0.524  3.316     -764.5872413
0.524  3.491     -764.5863853
0.524  3.665     -764.5854244
0.524  3.840     -764.5843884
0.524  4.014     -764.5835747
0.524  4.189     -764.5832206
0.524  4.363     -764.5835021
0.524  4.538     -764.5842581
0.524  4.712     -764.5848587
0.524  4.887     -764.5852995
0.524  5.061     -764.5856884
0.524  5.236     -764.5861236
0.524  5.411     -764.5865540
0.524  5.585     -764.5873714
0.524  5.760     -764.5882012
0.524  5.934     -764.5891257
0.524  6.109     -764.5895122
0.698  0.000     -764.5877835
0.698  0.175     -764.5868983
0.698  0.349     -764.5858294
0.698  0.524     -764.5847846
0.698  0.698     -764.5841157
0.698  0.873     -764.5842361
0.698  1.047     -764.5846771
0.698  1.222     -764.5852256
0.698  1.396     -764.5858486
0.698  1.571     -764.5863554
0.698  1.745     -764.5866120
0.698  1.920     -764.5867636
0.698  2.094     -764.5868524
0.698  2.269     -764.5867737
0.698  2.443     -764.5868158
0.698  2.618     -764.5870532
0.698  2.793     -764.5870664
0.698  2.967     -764.5868432
0.698  3.142     -764.5863689
0.698  3.316     -764.5856946
0.698  3.491     -764.5848220
0.698  3.665     -764.5839025
0.698  3.840     -764.5834374
0.698  4.014     -764.5834871
0.698  4.189     -764.5840183
0.698  4.363     -764.5851057
0.698  4.538     -764.5861223
0.698  4.712     -764.5868198
0.698  4.887     -764.5871653
0.698  5.061     -764.5871788
0.698  5.236     -764.5870038
0.698  5.411     -764.5870602
0.698  5.585     -764.5873165
0.698  5.760     -764.5876954
0.698  5.934     -764.5881353
0.698  6.109     -764.5882105
0.873  0.000     -764.5860595
0.873  0.175     -764.5853371
0.873  0.349     -764.5844438
0.873  0.524     -764.5840022
0.873  0.698     -764.5842340
0.873  0.873     -764.5848198
0.873  1.047     -764.5855747
0.873  1.222     -764.5863412
0.873  1.396     -764.5869404
0.873  1.571     -764.5875278
0.873  1.745     -764.5876389
0.873  1.920     -764.5875088
0.873  2.094     -764.5872504
0.873  2.269     -764.5867687
0.873  2.443     -764.5863569
0.873  2.618     -764.5861615
0.873  2.793     -764.5857705
0.873  2.967     -764.5852505
0.873  3.142     -764.5847213
0.873  3.316     -764.5840346
0.873  3.491     -764.5833358
0.873  3.665     -764.5829559
0.873  3.840     -764.5831430
0.873  4.014     -764.5837893
0.873  4.189     -764.5850477
0.873  4.363     -764.5863927
0.873  4.538     -764.5876922
0.873  4.712     -764.5883702
0.873  4.887     -764.5884541
0.873  5.061     -764.5880759
0.873  5.236     -764.5876061
0.873  5.411     -764.5870929
0.873  5.585     -764.5867942
0.873  5.760     -764.5866674
0.873  5.934     -764.5867210
0.873  6.109     -764.5865422
1.047  0.000     -764.5842026
1.047  0.175     -764.5837686
1.047  0.349     -764.5834027
1.047  0.524     -764.5837539
1.047  0.698     -764.5845891
1.047  0.873     -764.5855319
1.047  1.047     -764.5864049
1.047  1.222     -764.5871528
1.047  1.396     -764.5879773
1.047  1.571     -764.5882146
1.047  1.745     -764.5881715
1.047  1.920     -764.5877915
1.047  2.094     -764.5871450
1.047  2.269     -764.5863714
1.047  2.443     -764.5855994
1.047  2.618     -764.5848550
1.047  2.793     -764.5841064
1.047  2.967     -764.5833715
1.047  3.142     -764.5828133
1.047  3.316     -764.5824606
1.047  3.491     -764.5822574
1.047  3.665     -764.5825785
1.047  3.840     -764.5832744
1.047  4.014     -764.5844504
1.047  4.189     -764.5861053
1.047  4.363     -764.5876292
1.047  4.538     -764.5887479
1.047  4.712     -764.5893201
1.047  4.887     -764.5892450
1.047  5.061     -764.5886988
1.047  5.236     -764.5877159
1.047  5.411     -764.5867604
1.047  5.585     -764.5858963
1.047  5.760     -764.5855066
1.047  5.934     -764.5850638
1.047  6.109     -764.5846825
1.222  0.000     -764.5820045
1.222  0.175     -764.5819857
1.222  0.349     -764.5825521
1.222  0.524     -764.5838324
1.222  0.698     -764.5851385
1.222  0.873     -764.5862881
1.222  1.047     -764.5871559
1.222  1.222     -764.5879533
1.222  1.396     -764.5883342
1.222  1.571     -764.5884663
1.222  1.745     -764.5881540
1.222  1.920     -764.5874750
1.222  2.094     -764.5864743
1.222  2.269     -764.5853973
1.222  2.443     -764.5842184
1.222  2.618     -764.5830518
1.222  2.793     -764.5819938
1.222  2.967     -764.5811246
1.222  3.142     -764.5807130
1.222  3.316     -764.5806744
1.222  3.491     -764.5815345
1.222  3.665     -764.5825211
1.222  3.840     -764.5837957
1.222  4.014     -764.5854621
1.222  4.189     -764.5870005
1.222  4.363     -764.5884888
1.222  4.538     -764.5894849
1.222  4.712     -764.5897584
1.222  4.887     -764.5895268
1.222  5.061     -764.5886508
1.222  5.236     -764.5873914
1.222  5.411     -764.5860066
1.222  5.585     -764.5847365
1.222  5.760     -764.5837398
1.222  5.934     -764.5829895
1.222  6.109     -764.5823876
1.396  0.000     -764.5793568
1.396  0.175     -764.5798097
1.396  0.349     -764.5820769
1.396  0.524     -764.5841052
1.396  0.698     -764.5856659
1.396  0.873     -764.5869306
1.396  1.047     -764.5877531
1.396  1.222     -764.5883668
1.396  1.396     -764.5884760
1.396  1.571     -764.5881894
1.396  1.745     -764.5876382
1.396  1.920     -764.5866545
1.396  2.094     -764.5853289
1.396  2.269     -764.5838065
1.396  2.443     -764.5822618
1.396  2.618     -764.5807364
1.396  2.793     -764.5793957
1.396  2.967     -764.5784908
1.396  3.142     -764.5780810
1.396  3.316     -764.5792628
1.396  3.491     -764.5812214
1.396  3.665     -764.5830078
1.396  3.840     -764.5846071
1.396  4.014     -764.5862682
1.396  4.189     -764.5878534
1.396  4.363     -764.5889644
1.396  4.538     -764.5896461
1.396  4.712     -764.5898064
1.396  4.887     -764.5891686
1.396  5.061     -764.5880221
1.396  5.236     -764.5863954
1.396  5.411     -764.5846743
1.396  5.585     -764.5829016
1.396  5.760     -764.5814105
1.396  5.934     -764.5803590
1.396  6.109     -764.5796616
1.571  0.000     -764.5761958
1.571  0.175     -764.5793800
1.571  0.349     -764.5821131
1.571  0.524     -764.5843741
1.571  0.698     -764.5861553
1.571  0.873     -764.5874133
1.571  1.047     -764.5882152
1.571  1.222     -764.5884454
1.571  1.396     -764.5882830
1.571  1.571     -764.5876905
1.571  1.745     -764.5866583
1.571  1.920     -764.5852624
1.571  2.094     -764.5835264
1.571  2.269     -764.5815848
1.571  2.443     -764.5796993
1.571  2.618     -764.5778542
1.571  2.793     -764.5762331
1.571  2.967     -764.5751349
1.571  3.142     -764.5757078
1.571  3.316     -764.5788637
1.571  3.491     -764.5813884
1.571  3.665     -764.5834624
1.571  3.840     -764.5852903
1.571  4.014     -764.5869102
1.571  4.189     -764.5882283
1.571  4.363     -764.5890718
1.571  4.538     -764.5894418
1.571  4.712     -764.5891811
1.571  4.887     -764.5882571
1.571  5.061     -764.5867369
1.571  5.236     -764.5847594
1.571  5.411     -764.5825482
1.571  5.585     -764.5803940
1.571  5.760     -764.5785732
1.571  5.934     -764.5773726
1.571  6.109     -764.5762679
1.745  0.000     -764.5769402
1.745  0.175     -764.5800698
1.745  0.349     -764.5826611
1.745  0.524     -764.5847500
1.745  0.698     -764.5864647
1.745  0.873     -764.5875296
1.745  1.047     -764.5880804
1.745  1.222     -764.5881327
1.745  1.396     -764.5876321
1.745  1.571     -764.5867197
1.745  1.745     -764.5852899
1.745  1.920     -764.5834151
1.745  2.094     -764.5811977
1.745  2.269     -764.5788470
1.745  2.443     -764.5765507
1.745  2.618     -764.5746217
1.745  2.793     -764.5727739
1.745  2.967     -764.5727710
1.745  3.142     -764.5762426
1.745  3.316     -764.5794061
1.745  3.491     -764.5819512
1.745  3.665     -764.5840575
1.745  3.840     -764.5857990
1.745  4.014     -764.5872274
1.745  4.189     -764.5882450
1.745  4.363     -764.5887678
1.745  4.538     -764.5887658
1.745  4.712     -764.5881663
1.745  4.887     -764.5868101
1.745  5.061     -764.5849043
1.745  5.236     -764.5825587
1.745  5.411     -764.5801155
1.745  5.585     -764.5774966
1.745  5.760     -764.5751524
1.745  5.934     -764.5735216
1.745  6.109     -764.5736924
1.920  0.000     -764.5783009
1.920  0.175     -764.5811055
1.920  0.349     -764.5834859
1.920  0.524     -764.5852786
1.920  0.698     -764.5865689
1.920  0.873     -764.5874110
1.920  1.047     -764.5876933
1.920  1.222     -764.5874620
1.920  1.396     -764.5865894
1.920  1.571     -764.5853200
1.920  1.745     -764.5834024
1.920  1.920     -764.5810783
1.920  2.094     -764.5784717
1.920  2.269     -764.5759637
1.920  2.443     -764.5731701
1.920  2.618     -764.5706377
1.920  2.793     -764.5700770
1.920  2.967     -764.5742322
1.920  3.142     -764.5774657
1.920  3.316     -764.5804227
1.920  3.491     -764.5828537
1.920  3.665     -764.5847518
1.920  3.840     -764.5862346
1.920  4.014     -764.5873406
1.920  4.189     -764.5879574
1.920  4.363     -764.5881224
1.920  4.538     -764.5876883
1.920  4.712     -764.5866518
1.920  4.887     -764.5849737
1.920  5.061     -764.5826367
1.920  5.236     -764.5801367
1.920  5.411     -764.5769779
1.920  5.585     -764.5739001
1.920  5.760     -764.5712219
1.920  5.934     -764.5712514
1.920  6.109     -764.5752513
2.094  0.000     -764.5800237
2.094  0.175     -764.5825014
2.094  0.349     -764.5845138
2.094  0.524     -764.5858890
2.094  0.698     -764.5867955
2.094  0.873     -764.5870626
2.094  1.047     -764.5871149
2.094  1.222     -764.5865008
2.094  1.396     -764.5853370
2.094  1.571     -764.5835856
2.094  1.745     -764.5812393
2.094  1.920     -764.5785075
2.094  2.094     -764.5756945
2.094  2.269     -764.5724456
2.094  2.443     -764.5692869
2.094  2.618     -764.5682233
2.094  2.793     -764.5723046
2.094  2.967     -764.5760414
2.094  3.142     -764.5791268
2.094  3.316     -764.5818199
2.094  3.491     -764.5838240
2.094  3.665     -764.5854156
2.094  3.840     -764.5865546
2.094  4.014     -764.5872288
2.094  4.189     -764.5874185
2.094  4.363     -764.5871414
2.094  4.538     -764.5862598
2.094  4.712     -764.5848193
2.094  4.887     -764.5827248
2.094  5.061     -764.5803476
2.094  5.236     -764.5769961
2.094  5.411     -764.5735056
2.094  5.585     -764.5699826
2.094  5.760     -764.5694015
2.094  5.934     -764.5735951
2.094  6.109     -764.5772392
2.269  0.000     -764.5818861
2.269  0.175     -764.5840271
2.269  0.349     -764.5854983
2.269  0.524     -764.5864455
2.269  0.698     -764.5868096
2.269  0.873     -764.5867766
2.269  1.047     -764.5864321
2.269  1.222     -764.5854300
2.269  1.396     -764.5839298
2.269  1.571     -764.5817005
2.269  1.745     -764.5790115
2.269  1.920     -764.5761545
2.269  2.094     -764.5725891
2.269  2.269     -764.5688589
2.269  2.443     -764.5671936
2.269  2.618     -764.5710333
2.269  2.793     -764.5748069
2.269  2.967     -764.5779902
2.269  3.142     -764.5808742
2.269  3.316     -764.5832132
2.269  3.491     -764.5848395
2.269  3.665     -764.5860793
2.269  3.840     -764.5866514
2.269  4.014     -764.5868498
2.269  4.189     -764.5867776
2.269  4.363     -764.5860541
2.269  4.538     -764.5847528
2.269  4.712     -764.5828549
2.269  4.887     -764.5803715
2.269  5.061     -764.5775756
2.269  5.236     -764.5738684
2.269  5.411     -764.5698828
2.269  5.585     -764.5681775
2.269  5.760     -764.5723375
2.269  5.934     -764.5762057
2.269  6.109     -764.5792654
2.443  0.000     -764.5838702
2.443  0.175     -764.5855501
2.443  0.349     -764.5865452
2.443  0.524     -764.5871281
2.443  0.698     -764.5871067
2.443  0.873     -764.5864890
2.443  1.047     -764.5857283
2.443  1.222     -764.5843461
2.443  1.396     -764.5824199
2.443  1.571     -764.5799232
2.443  1.745     -764.5768118
2.443  1.920     -764.5734912
2.443  2.094     -764.5695078
2.443  2.269     -764.5673186
2.443  2.443     -764.5706622
2.443  2.618     -764.5741014
2.443  2.793     -764.5772639
2.443  2.967     -764.5801581
2.443  3.142     -764.5826735
2.443  3.316     -764.5846444
2.443  3.491     -764.5859627
2.443  3.665     -764.5867812
2.443  3.840     -764.5868996
2.443  4.014     -764.5868268
2.443  4.189     -764.5861882
2.443  4.363     -764.5849537
2.443  4.538     -764.5832334
2.443  4.712     -764.5808709
2.443  4.887     -764.5784028
2.443  5.061     -764.5748319
2.443  5.236     -764.5707546
2.443  5.411     -764.5679628
2.443  5.585     -764.5716531
2.443  5.760     -764.5754376
2.443  5.934     -764.5789809
2.443  6.109     -764.5815858
2.618  0.000     -764.5857923
2.618  0.175     -764.5869416
2.618  0.349     -764.5876388
2.618  0.524     -764.5877135
2.618  0.698     -764.5872146
2.618  0.873     -764.5863345
2.618  1.047     -764.5850567
2.618  1.222     -764.5832849
2.618  1.396     -764.5809932
2.618  1.571     -764.5781960
2.618  1.745     -764.5750259
2.618  1.920     -764.5710731
2.618  2.094     -764.5684460
2.618  2.269     -764.5712438
2.618  2.443     -764.5741834
2.618  2.618     -764.5769643
2.618  2.793     -764.5798320
2.618  2.967     -764.5823725
2.618  3.142     -764.5844901
2.618  3.316     -764.5860248
2.618  3.491     -764.5869758
2.618  3.665     -764.5873835
2.618  3.840     -764.5872367
2.618  4.014     -764.5866884
2.618  4.189     -764.5855589
2.618  4.363     -764.5839597
2.618  4.538     -764.5817766
2.618  4.712     -764.5790666
2.618  4.887     -764.5761778
2.618  5.061     -764.5723045
2.618  5.236     -764.5690375
2.618  5.411     -764.5718928
2.618  5.585     -764.5752375
2.618  5.760     -764.5786123
2.618  5.934     -764.5813666
2.618  6.109     -764.5838321
2.793  0.000     -764.5874114
2.793  0.175     -764.5882129
2.793  0.349     -764.5884627
2.793  0.524     -764.5881222
2.793  0.698     -764.5873151
2.793  0.873     -764.5860225
2.793  1.047     -764.5843668
2.793  1.222     -764.5823065
2.793  1.396     -764.5798160
2.793  1.571     -764.5767142
2.793  1.745     -764.5733562
2.793  1.920     -764.5705781
2.793  2.094     -764.5725825
2.793  2.269     -764.5750366
2.793  2.443     -764.5773192
2.793  2.618     -764.5798410
2.793  2.793     -764.5822451
2.793  2.967     -764.5843571
2.793  3.142     -764.5860582
2.793  3.316     -764.5871835
2.793  3.491     -764.5878435
2.793  3.665     -764.5879136
2.793  3.840     -764.5874556
2.793  4.014     -764.5864486
2.793  4.189     -764.5849613
2.793  4.363     -764.5830334
2.793  4.538     -764.5805046
2.793  4.712     -764.5775057
2.793  4.887     -764.5742760
2.793  5.061     -764.5712067
2.793  5.236     -764.5731657
2.793  5.411     -764.5756754
2.793  5.585     -764.5785669
2.793  5.760     -764.5812561
2.793  5.934     -764.5838125
2.793  6.109     -764.5859552
2.967  0.000     -764.5886708
2.967  0.175     -764.5891774
2.967  0.349     -764.5889361
2.967  0.524     -764.5882522
2.967  0.698     -764.5870761
2.967  0.873     -764.5855045
2.967  1.047     -764.5837021
2.967  1.222     -764.5815536
2.967  1.396     -764.5789712
2.967  1.571     -764.5757382
2.967  1.745     -764.5734335
2.967  1.920     -764.5746083
2.967  2.094     -764.5763838
2.967  2.269     -764.5781103
2.967  2.443     -764.5802725
2.967  2.618     -764.5824211
2.967  2.793     -764.5843641
2.967  2.967     -764.5860440
2.967  3.142     -764.5872406
2.967  3.316     -764.5880472
2.967  3.491     -764.5883422
2.967  3.665     -764.5881167
2.967  3.840     -764.5874707
2.967  4.014     -764.5862399
2.967  4.189     -764.5845287
2.967  4.363     -764.5823005
2.967  4.538     -764.5795827
2.967  4.712     -764.5763323
2.967  4.887     -764.5743889
2.967  5.061     -764.5754145
2.967  5.236     -764.5768904
2.967  5.411     -764.5790717
2.967  5.585     -764.5812880
2.967  5.760     -764.5837092
2.967  5.934     -764.5858893
2.967  6.109     -764.5876203
3.142  0.000     -764.5895766
3.142  0.175     -764.5896151
3.142  0.349     -764.5890321
3.142  0.524     -764.5880267
3.142  0.698     -764.5866029
3.142  0.873     -764.5849034
3.142  1.047     -764.5831953
3.142  1.222     -764.5811812
3.142  1.396     -764.5788011
3.142  1.571     -764.5764257
3.142  1.745     -764.5767570
3.142  1.920     -764.5778145
3.142  2.094     -764.5793251
3.142  2.269     -764.5810159
3.142  2.443     -764.5827453
3.142  2.618     -764.5844872
3.142  2.793     -764.5860496
3.142  2.967     -764.5872465
3.142  3.142     -764.5880214
3.142  3.316     -764.5884079
3.142  3.491     -764.5884476
3.142  3.665     -764.5880483
3.142  3.840     -764.5870982
3.142  4.014     -764.5860216
3.142  4.189     -764.5841282
3.142  4.363     -764.5819234
3.142  4.538     -764.5792183
3.142  4.712     -764.5776061
3.142  4.887     -764.5778862
3.142  5.061     -764.5787566
3.142  5.236     -764.5800201
3.142  5.411     -764.5817121
3.142  5.585     -764.5837076
3.142  5.760     -764.5856761
3.142  5.934     -764.5874852
3.142  6.109     -764.5888384
3.316  0.000     -764.5898446
3.316  0.175     -764.5895538
3.316  0.349     -764.5887316
3.316  0.524     -764.5873982
3.316  0.698     -764.5858474
3.316  0.873     -764.5842422
3.316  1.047     -764.5825921
3.316  1.222     -764.5811930
3.316  1.396     -764.5799469
3.316  1.571     -764.5794244
3.316  1.745     -764.5798137
3.316  1.920     -764.5807580
3.316  2.094     -764.5819880
3.316  2.269     -764.5833070
3.316  2.443     -764.5847208
3.316  2.618     -764.5860070
3.316  2.793     -764.5871278
3.316  2.967     -764.5879865
3.316  3.142     -764.5884338
3.316  3.316     -764.5884714
3.316  3.491     -764.5881460
3.316  3.665     -764.5875094
3.316  3.840     -764.5866116
3.316  4.014     -764.5854435
3.316  4.189     -764.5838114
3.316  4.363     -764.5822037
3.316  4.538     -764.5808483
3.316  4.712     -764.5806039
3.316  4.887     -764.5810136
3.316  5.061     -764.5816701
3.316  5.236     -764.5825973
3.316  5.411     -764.5839467
3.316  5.585     -764.5854255
3.316  5.760     -764.5870338
3.316  5.934     -764.5884636
3.316  6.109     -764.5895123
3.491  0.000     -764.5895946
3.491  0.175     -764.5891619
3.491  0.349     -764.5881323
3.491  0.524     -764.5864921
3.491  0.698     -764.5850230
3.491  0.873     -764.5834772
3.491  1.047     -764.5824529
3.491  1.222     -764.5818233
3.491  1.396     -764.5815708
3.491  1.571     -764.5817453
3.491  1.745     -764.5822799
3.491  1.920     -764.5830412
3.491  2.094     -764.5839964
3.491  2.269     -764.5849939
3.491  2.443     -764.5859443
3.491  2.618     -764.5869064
3.491  2.793     -764.5877296
3.491  2.967     -764.5882631
3.491  3.142     -764.5884163
3.491  3.316     -764.5882113
3.491  3.491     -764.5875418
3.491  3.665     -764.5867764
3.491  3.840     -764.5859125
3.491  4.014     -764.5848197
3.491  4.189     -764.5837558
3.491  4.363     -764.5829336
3.491  4.538     -764.5828295
3.491  4.712     -764.5830535
3.491  4.887     -764.5834938
3.491  5.061     -764.5839818
3.491  5.236     -764.5846013
3.491  5.411     -764.5855270
3.491  5.585     -764.5865533
3.491  5.760     -764.5877538
3.491  5.934     -764.5887589
3.491  6.109     -764.5894757
3.665  0.000     -764.5889167
3.665  0.175     -764.5882658
3.665  0.349     -764.5870168
3.665  0.524     -764.5856668
3.665  0.698     -764.5840475
3.665  0.873     -764.5831014
3.665  1.047     -764.5827867
3.665  1.222     -764.5827217
3.665  1.396     -764.5832188
3.665  1.571     -764.5836808
3.665  1.745     -764.5842958
3.665  1.920     -764.5849942
3.665  2.094     -764.5855792
3.665  2.269     -764.5861099
3.665  2.443     -764.5867113
3.665  2.618     -764.5872752
3.665  2.793     -764.5877044
3.665  2.967     -764.5879868
3.665  3.142     -764.5879819
3.665  3.316     -764.5874383
3.665  3.491     -764.5867911
3.665  3.665     -764.5859771
3.665  3.840     -764.5851072
3.665  4.014     -764.5843093
3.665  4.189     -764.5837970
3.665  4.363     -764.5839376
3.665  4.538     -764.5844498
3.665  4.712     -764.5850549
3.665  4.887     -764.5855194
3.665  5.061     -764.5858701
3.665  5.236     -764.5859629
3.665  5.411     -764.5863619
3.665  5.585     -764.5869773
3.665  5.760     -764.5877450
3.665  5.934     -764.5885456
3.665  6.109     -764.5889785
3.840  0.000     -764.5876319
3.840  0.175     -764.5868514
3.840  0.349     -764.5857729
3.840  0.524     -764.5844379
3.840  0.698     -764.5835396
3.840  0.873     -764.5832267
3.840  1.047     -764.5834077
3.840  1.222     -764.5839516
3.840  1.396     -764.5848394
3.840  1.571     -764.5855363
3.840  1.745     -764.5860661
3.840  1.920     -764.5864636
3.840  2.094     -764.5866229
3.840  2.269     -764.5866992
3.840  2.443     -764.5868536
3.840  2.618     -764.5871470
3.840  2.793     -764.5872572
3.840  2.967     -764.5873038
3.840  3.142     -764.5869076
3.840  3.316     -764.5864684
3.840  3.491     -764.5858094
3.840  3.665     -764.5850944
3.840  3.840     -764.5844936
3.840  4.014     -764.5840490
3.840  4.189     -764.5843241
3.840  4.363     -764.5851185
3.840  4.538     -764.5861071
3.840  4.712     -764.5868607
3.840  4.887     -764.5872964
3.840  5.061     -764.5874303
3.840  5.236     -764.5871990
3.840  5.411     -764.5871227
3.840  5.585     -764.5871788
3.840  5.760     -764.5873817
3.840  5.934     -764.5876997
3.840  6.109     -764.5879163
4.014  0.000     -764.5859451
4.014  0.175     -764.5852565
4.014  0.349     -764.5842499
4.014  0.524     -764.5836209
4.014  0.698     -764.5834774
4.014  0.873     -764.5838087
4.014  1.047     -764.5845899
4.014  1.222     -764.5855846
4.014  1.396     -764.5864260
4.014  1.571     -764.5871373
4.014  1.745     -764.5874318
4.014  1.920     -764.5874528
4.014  2.094     -764.5873415
4.014  2.269     -764.5870389
4.014  2.443     -764.5867414
4.014  2.618     -764.5864844
4.014  2.793     -764.5862302
4.014  2.967     -764.5859600
4.014  3.142     -764.5856604
4.014  3.316     -764.5851684
4.014  3.491     -764.5847125
4.014  3.665     -764.5842625
4.014  3.840     -764.5840436
4.014  4.014     -764.5842131
4.014  4.189     -764.5852669
4.014  4.363     -764.5864817
4.014  4.538     -764.5877277
4.014  4.712     -764.5885583
4.014  4.887     -764.5888557
4.014  5.061     -764.5886246
4.014  5.236     -764.5879657
4.014  5.411     -764.5873704
4.014  5.585     -764.5868742
4.014  5.760     -764.5865789
4.014  5.934     -764.5865674
4.014  6.109     -764.5863413
4.189  0.000     -764.5837496
4.189  0.175     -764.5831924
4.189  0.349     -764.5827201
4.189  0.524     -764.5830302
4.189  0.698     -764.5839226
4.189  0.873     -764.5850792
4.189  1.047     -764.5862392
4.189  1.222     -764.5871439
4.189  1.396     -764.5878964
4.189  1.571     -764.5883565
4.189  1.745     -764.5884240
4.189  1.920     -764.5881120
4.189  2.094     -764.5874880
4.189  2.269     -764.5867844
4.189  2.443     -764.5860044
4.189  2.618     -764.5853805
4.189  2.793     -764.5846933
4.189  2.967     -764.5840766
4.189  3.142     -764.5837342
4.189  3.316     -764.5835540
4.189  3.491     -764.5835033
4.189  3.665     -764.5836846
4.189  3.840     -764.5842411
4.189  4.014     -764.5851996
4.189  4.189     -764.5865391
4.189  4.363     -764.5879899
4.189  4.538     -764.5892189
4.189  4.712     -764.5899221
4.189  4.887     -764.5899472
4.189  5.061     -764.5893737
4.189  5.236     -764.5884495
4.189  5.411     -764.5871382
4.189  5.585     -764.5861499
4.189  5.760     -764.5854656
4.189  5.934     -764.5848384
4.189  6.109     -764.5842815
4.363  0.000     -764.5811453
4.363  0.175     -764.5807535
4.363  0.349     -764.5813858
4.363  0.524     -764.5831761
4.363  0.698     -764.5849556
4.363  0.873     -764.5864248
4.363  1.047     -764.5877193
4.363  1.222     -764.5885423
4.363  1.396     -764.5890847
4.363  1.571     -764.5892239
4.363  1.745     -764.5889265
4.363  1.920     -764.5881896
4.363  2.094     -764.5872352
4.363  2.269     -764.5860159
4.363  2.443     -764.5848076
4.363  2.618     -764.5836807
4.363  2.793     -764.5826226
4.363  2.967     -764.5817986
4.363  3.142     -764.5813403
4.363  3.316     -764.5817057
4.363  3.491     -764.5826056
4.363  3.665     -764.5837239
4.363  3.840     -764.5851192
4.363  4.014     -764.5864680
4.363  4.189     -764.5880027
4.363  4.363     -764.5894095
4.363  4.538     -764.5904136
4.363  4.712     -764.5908931
4.363  4.887     -764.5905645
4.363  5.061     -764.5896658
4.363  5.236     -764.5882323
4.363  5.411     -764.5866490
4.363  5.585     -764.5851163
4.363  5.760     -764.5838103
4.363  5.934     -764.5826832
4.363  6.109     -764.5819037
4.538  0.000     -764.5781335
4.538  0.175     -764.5786393
4.538  0.349     -764.5814436
4.538  0.524     -764.5838487
4.538  0.698     -764.5859788
4.538  0.873     -764.5876155
4.538  1.047     -764.5887690
4.538  1.222     -764.5895360
4.538  1.396     -764.5897558
4.538  1.571     -764.5895467
4.538  1.745     -764.5888587
4.538  1.920     -764.5877809
4.538  2.094     -764.5862645
4.538  2.269     -764.5846442
4.538  2.443     -764.5830675
4.538  2.618     -764.5814612
4.538  2.793     -764.5800877
4.538  2.967     -764.5789573
4.538  3.142     -764.5785281
4.538  3.316     -764.5801879
4.538  3.491     -764.5824918
4.538  3.665     -764.5842690
4.538  3.840     -764.5859102
4.538  4.014     -764.5875935
4.538  4.189     -764.5891433
4.538  4.363     -764.5903461
4.538  4.538     -764.5910577
4.538  4.712     -764.5912060
4.538  4.887     -764.5906002
4.538  5.061     -764.5893770
4.538  5.236     -764.5875201
4.538  5.411     -764.5854907
4.538  5.585     -764.5834941
4.538  5.760     -764.5816567
4.538  5.934     -764.5801328
4.538  6.109     -764.5789248
4.712  0.000     -764.5757365
4.712  0.175     -764.5790170
4.712  0.349     -764.5819042
4.712  0.524     -764.5844420
4.712  0.698     -764.5864892
4.712  0.873     -764.5881454
4.712  1.047     -764.5892263
4.712  1.222     -764.5897768
4.712  1.396     -764.5898051
4.712  1.571     -764.5892822
4.712  1.745     -764.5881964
4.712  1.920     -764.5867123
4.712  2.094     -764.5848459
4.712  2.269     -764.5827375
4.712  2.443     -764.5807020
4.712  2.618     -764.5788348
4.712  2.793     -764.5770488
4.712  2.967     -764.5757882
4.712  3.142     -764.5769229
4.712  3.316     -764.5801694
4.712  3.491     -764.5827261
4.712  3.665     -764.5847948
4.712  3.840     -764.5866561
4.712  4.014     -764.5884129
4.712  4.189     -764.5897308
4.712  4.363     -764.5906965
4.712  4.538     -764.5910932
4.712  4.712     -764.5908402
4.712  4.887     -764.5899157
4.712  5.061     -764.5883072
4.712  5.236     -764.5861850
4.712  5.411     -764.5837675
4.712  5.585     -764.5812163
4.712  5.760     -764.5791559
4.712  5.934     -764.5773401
4.712  6.109     -764.5758806
4.887  0.000     -764.5767016
4.887  0.175     -764.5798350
4.887  0.349     -764.5826537
4.887  0.524     -764.5849612
4.887  0.698     -764.5868038
4.887  0.873     -764.5881031
4.887  1.047     -764.5890668
4.887  1.222     -764.5893725
4.887  1.396     -764.5891564
4.887  1.571     -764.5882940
4.887  1.745     -764.5868696
4.887  1.920     -764.5849722
4.887  2.094     -764.5826543
4.887  2.269     -764.5802522
4.887  2.443     -764.5781445
4.887  2.618     -764.5758522
4.887  2.793     -764.5737713
4.887  2.967     -764.5736786
4.887  3.142     -764.5773330
4.887  3.316     -764.5805270
4.887  3.491     -764.5831421
4.887  3.665     -764.5852240
4.887  3.840     -764.5870203
4.887  4.014     -764.5885503
4.887  4.189     -764.5896413
4.887  4.363     -764.5903463
4.887  4.538     -764.5904531
4.887  4.712     -764.5898738
4.887  4.887     -764.5885985
4.887  5.061     -764.5866200
4.887  5.236     -764.5842205
4.887  5.411     -764.5815079
4.887  5.585     -764.5785852
4.887  5.760     -764.5758132
4.887  5.934     -764.5736026
4.887  6.109     -764.5733067
5.061  0.000     -764.5781586
5.061  0.175     -764.5810849
5.061  0.349     -764.5834438
5.061  0.524     -764.5853697
5.061  0.698     -764.5868999
5.061  0.873     -764.5877734
5.061  1.047     -764.5883236
5.061  1.222     -764.5884871
5.061  1.396     -764.5879423
5.061  1.571     -764.5866926
5.061  1.745     -764.5848950
5.061  1.920     -764.5825978
5.061  2.094     -764.5799738
5.061  2.269     -764.5773684
5.061  2.443     -764.5745640
5.061  2.618     -764.5718798
5.061  2.793     -764.5707316
5.061  2.967     -764.5748543
5.061  3.142     -764.5783088
5.061  3.316     -764.5812907
5.061  3.491     -764.5836523
5.061  3.665     -764.5855675
5.061  3.840     -764.5869982
5.061  4.014     -764.5882684
5.061  4.189     -764.5890749
5.061  4.363     -764.5893596
5.061  4.538     -764.5891421
5.061  4.712     -764.5881566
5.061  4.887     -764.5865824
5.061  5.061     -764.5843285
5.061  5.236     -764.5816085
5.061  5.411     -764.5783239
5.061  5.585     -764.5749047
5.061  5.760     -764.5719214
5.061  5.934     -764.5710062
5.061  6.109     -764.5750314
5.236  0.000     -764.5801800
5.236  0.175     -764.5825190
5.236  0.349     -764.5844917
5.236  0.524     -764.5858889
5.236  0.698     -764.5868411
5.236  0.873     -764.5873544
5.236  1.047     -764.5875330
5.236  1.222     -764.5872568
5.236  1.396     -764.5862878
5.236  1.571     -764.5846937
5.236  1.745     -764.5825023
5.236  1.920     -764.5800921
5.236  2.094     -764.5769806
5.236  2.269     -764.5737434
5.236  2.443     -764.5704332
5.236  2.618     -764.5686919
5.236  2.793     -764.5728387
5.236  2.967     -764.5765617
5.236  3.142     -764.5797266
5.236  3.316     -764.5823260
5.236  3.491     -764.5843750
5.236  3.665     -764.5857796
5.236  3.840     -764.5868731
5.236  4.014     -764.5876718
5.236  4.189     -764.5880417
5.236  4.363     -764.5879744
5.236  4.538     -764.5873207
5.236  4.712     -764.5860094
5.236  4.887     -764.5840289
5.236  5.061     -764.5816404
5.236  5.236     -764.5782812
5.236  5.411     -764.5745473
5.236  5.585     -764.5708733
5.236  5.760     -764.5693482
5.236  5.934     -764.5735907
5.236  6.109     -764.5772983
5.411  0.000     -764.5824151
5.411  0.175     -764.5843525
5.411  0.349     -764.5857513
5.411  0.524     -764.5865021
5.411  0.698     -764.5869760
5.411  0.873     -764.5870153
5.411  1.047     -764.5866660
5.411  1.222     -764.5859804
5.411  1.396     -764.5845939
5.411  1.571     -764.5826579
5.411  1.745     -764.5799596
5.411  1.920     -764.5770006
5.411  2.094     -764.5734725
5.411  2.269     -764.5698547
5.411  2.443     -764.5679959
5.411  2.618     -764.5717730
5.411  2.793     -764.5754873
5.411  2.967     -764.5788848
5.411  3.142     -764.5815596
5.411  3.316     -764.5837416
5.411  3.491     -764.5853428
5.411  3.665     -764.5862510
5.411  3.840     -764.5869581
5.411  4.014     -764.5871777
5.411  4.189     -764.5869990
5.411  4.363     -764.5864862
5.411  4.538     -764.5854016
5.411  4.712     -764.5836388
5.411  4.887     -764.5814940
5.411  5.061     -764.5783617
5.411  5.236     -764.5746145
5.411  5.411     -764.5643121
5.411  5.585     -764.5685588
5.411  5.760     -764.5727672
5.411  5.934     -764.5766901
5.411  6.109     -764.5800231
5.585  0.000     -764.5848756
5.585  0.175     -764.5863638
5.585  0.349     -764.5871466
5.585  0.524     -764.5874903
5.585  0.698     -764.5873852
5.585  0.873     -764.5868912
5.585  1.047     -764.5859360
5.585  1.222     -764.5848486
5.585  1.396     -764.5830362
5.585  1.571     -764.5805680
5.585  1.745     -764.5776145
5.585  1.920     -764.5740456
5.585  2.094     -764.5701422
5.585  2.269     -764.5683238
5.585  2.443     -764.5718097
5.585  2.618     -764.5752311
5.585  2.793     -764.5785031
5.585  2.967     -764.5812247
5.585  3.142     -764.5836337
5.585  3.316     -764.5853817
5.585  3.491     -764.5865830
5.585  3.665     -764.5870433
5.585  3.840     -764.5871589
5.585  4.014     -764.5868378
5.585  4.189     -764.5861287
5.585  4.363     -764.5850802
5.585  4.538     -764.5833834
5.585  4.712     -764.5812858
5.585  4.887     -764.5785948
5.585  5.061     -764.5750880
5.585  5.236     -764.5709717
5.585  5.411     -764.5686398
5.585  5.585     -764.5725091
5.585  5.760     -764.5764743
5.585  5.934     -764.5800401
5.585  6.109     -764.5827118
5.760  0.000     -764.5871230
5.760  0.175     -764.5882030
5.760  0.349     -764.5886327
5.760  0.524     -764.5885816
5.760  0.698     -764.5878615
5.760  0.873     -764.5869614
5.760  1.047     -764.5856640
5.760  1.222     -764.5839453
5.760  1.396     -764.5816866
5.760  1.571     -764.5787958
5.760  1.745     -764.5755250
5.760  1.920     -764.5715651
5.760  2.094     -764.5697085
5.760  2.269     -764.5725586
5.760  2.443     -764.5756301
5.760  2.618     -764.5786716
5.760  2.793     -764.5812068
5.760  2.967     -764.5837331
5.760  3.142     -764.5857123
5.760  3.316     -764.5871326
5.760  3.491     -764.5878591
5.760  3.665     -764.5878873
5.760  3.840     -764.5875478
5.760  4.014     -764.5867735
5.760  4.189     -764.5855723
5.760  4.363     -764.5839021
5.760  4.538     -764.5817247
5.760  4.712     -764.5791197
5.760  4.887     -764.5760378
5.760  5.061     -764.5721919
5.760  5.236     -764.5695562
5.760  5.411     -764.5728843
5.760  5.585     -764.5765224
5.760  5.760     -764.5800275
5.760  5.934     -764.5832181
5.760  6.109     -764.5853568
5.934  0.000     -764.5890559
5.934  0.175     -764.5898080
5.934  0.349     -764.5898471
5.934  0.524     -764.5893754
5.934  0.698     -764.5884318
5.934  0.873     -764.5870416
5.934  1.047     -764.5853300
5.934  1.222     -764.5833264
5.934  1.396     -764.5807381
5.934  1.571     -764.5776474
5.934  1.745     -764.5741201
5.934  1.920     -764.5716636
5.934  2.094     -764.5738153
5.934  2.269     -764.5763691
5.934  2.443     -764.5790963
5.934  2.618     -764.5813380
5.934  2.793     -764.5838342
5.934  2.967     -764.5859085
5.934  3.142     -764.5875512
5.934  3.316     -764.5885095
5.934  3.491     -764.5889151
5.934  3.665     -764.5887382
5.934  3.840     -764.5878972
5.934  4.014     -764.5867762
5.934  4.189     -764.5851310
5.934  4.363     -764.5829585
5.934  4.538     -764.5803126
5.934  4.712     -764.5773195
5.934  4.887     -764.5740531
5.934  5.061     -764.5714593
5.934  5.236     -764.5738405
5.934  5.411     -764.5767684
5.934  5.585     -764.5800253
5.934  5.760     -764.5832256
5.934  5.934     -764.5856004
5.934  6.109     -764.5877139
6.109  0.000     -764.5904416
6.109  0.175     -764.5908636
6.109  0.349     -764.5905673
6.109  0.524     -764.5897113
6.109  0.698     -764.5884552
6.109  0.873     -764.5868129
6.109  1.047     -764.5849472
6.109  1.222     -764.5827472
6.109  1.396     -764.5802082
6.109  1.571     -764.5769497
6.109  1.745     -764.5741954
6.109  1.920     -764.5755990
6.109  2.094     -764.5774838
6.109  2.269     -764.5792998
6.109  2.443     -764.5815889
6.109  2.618     -764.5838417
6.109  2.793     -764.5858650
6.109  2.967     -764.5876365
6.109  3.142     -764.5888589
6.109  3.316     -764.5895671
6.109  3.491     -764.5895739
6.109  3.665     -764.5891945
6.109  3.840     -764.5881741
6.109  4.014     -764.5866540
6.109  4.189     -764.5845895
6.109  4.363     -764.5821736
6.109  4.538     -764.5792854
6.109  4.712     -764.5764215
6.109  4.887     -764.5738774
6.109  5.061     -764.5754167
6.109  5.236     -764.5775103
6.109  5.411     -764.5800781
6.109  5.585     -764.5826355
6.109  5.760     -764.5852473
6.109  5.934     -764.5875693
6.109  6.109     -764.5893735
