3.000       -135.8599281
3.500        -94.7270925
3.700        -79.8281383
3.900        -66.6605542
4.000        -60.7395555
4.100        -55.2498761
4.200        -50.1731157
4.300        -45.4843124
4.400        -41.1600872
4.500        -37.1807210
4.600        -33.5322388
4.700        -30.2029883
4.800        -27.1823608
4.900        -24.4567995
5.000        -22.0081724
5.100        -19.8160129
5.200        -17.8579109
5.300        -16.1104143
5.400        -14.5512970
5.500        -13.1596358
5.600        -11.9159079
5.700        -10.8030319
5.800         -9.8059121
5.900         -8.9110880
6.000         -8.1071435
6.500         -5.1403563
7.000         -3.3568368
8.000         -1.5567633
10.000         -0.4320012
