3.000       1006.9549989
3.500        301.1753571
3.700        169.6235297
3.900         87.6753571
4.000         59.9821729
4.100         38.9378544
4.200         23.1536704
4.300         11.5038070
4.400          3.1011867
4.500         -2.7683522
4.600         -6.6968599
4.700         -9.1887209
4.800        -10.6338479
4.900        -11.3209935
5.000        -11.4813590
5.100        -11.2842365
5.200        -10.8562277
5.300        -10.2856543
5.400         -9.5883218
5.500         -8.8258507
5.600         -8.0897396
5.700         -7.4430004
5.800         -6.8660733
5.900         -6.2828712
6.000         -5.7058129
6.500         -3.6910050
7.000         -2.5244434
8.000         -1.3064482
10.000         -0.4761605
